14.6575	-0.43778
22.3006	-0.665128
20.105	-0.7453
22.961	-0.612812
20.061	-0.599635
18.0286	-0.686059
16.1495	-0.76889
19.3905	-0.616269
18.3797	-0.586491
17.8252	-0.729368
16.3324	-0.504171
20.4648	-0.575205
17.9282	-0.6214
16.4034	-0.690764
19.4458	-0.669865
51.4435	-1.89675
108.224	-2.03729
135.323	-1.9875
194.25	-2.19645
222.717	-2.13924
262.115	-1.98538
256.054	-1.99486
263.372	-1.90534
215.171	-2.10389
175.587	-2.0005
181.185	-1.94567
194.915	-1.97115
200.213	-1.91745
204.064	-1.93106
210.391	-1.96909
204.762	-2.0507
219.09	-2.00197
226.732	-2.01693
233.48	-1.92538
220.4	-1.98437
229.226	-1.90954
496.873	-1.54283
858.946	-1.64289
953.336	-1.45131
1074.17	-1.28456
1060.65	-1.25646
938.979	-1.43687
932.738	-1.40954
1014.3	-1.15143
857.008	-1.27752
768.903	-1.24141
594.865	-1.18015
245.429	-0.861214
391.331	-0.551394
555.61	-0.768876
760.904	-0.577616
1038.48	-0.0836917
1091.85	0.0491522
1012.14	0.0187911
894.251	-0.14031
829.82	-0.229967
700.998	-0.439096
423.129	-0.862169
107.152	-1.28319
85.5245	-1.36455
113.265	-1.48862
121.565	-1.68108
147.948	-1.66055
144.476	-1.75222
156.605	-1.8092
171.345	-1.80413
167.282	-1.85301
258.418	-1.60337
448.178	-1.61574
539.846	-1.64326
583.225	-1.53522
592.215	-1.447
577.388	-1.43662
569.894	-1.22915
505.891	-1.07848
353.062	-0.908832
212.761	-0.701781
156.431	-0.392927
110.671	-0.348026
135.348	-0.448318
153.181	-0.54362
214.632	-0.538345
218.813	-0.845967
262.105	-0.973326
345.189	-0.941595
438.26	-0.976557
482.498	-1.11303
451.288	-1.25955
312.397	-1.48289
141.712	-1.85202
95.4966	-1.86009
80.3496	-2.00109
73.1623	-1.9945
60.2154	-1.89303
105.65	-1.09705
96.3897	-0.986402
75.0095	-0.707777
119.833	0.342757
124.717	-0.0880906
120.667	0.180311
108.404	0.271775
37.943	-0.486667
25.9322	-0.478328
23.9523	-0.751355
29.2297	-0.973278
89.5307	-1.97559
122.133	-2.17694
152.53	-1.91341
636.083	-0.501064
666.612	-0.923367
345.534	-1.57487
226.157	-1.88829
144.267	-1.95133
89.9949	-1.96538
60.3018	-1.77421
44.228	-1.40992
44.0004	-1.20717
44.3356	-0.672166
42.3786	-0.140029
46.3907	0.184677
49.7849	0.417166
67.2156	0.875365
85.452	0.958381
115.183	1.41311
122.504	1.01416
104.274	0.756233
73.806	0.693015
72.1745	0.113502
51.7451	0.0149818
31.0254	-0.43914
21.8095	-0.612963
21.694	-0.376742
20.239	-0.611449
18.3119	-0.610867
20.5831	-0.727314
25.3921	-0.668727
33.982	-0.630068
39.7144	-1.12664
107.142	-1.28583
460.153	-1.25651
85.8664	-1.27801
33.2216	-1.43649
256.15	-0.145853
501.713	-0.714984
702.228	-1.18381
735.298	-1.16734
728.259	-1.21851
698.565	-1.26443
638.542	-1.37943
621.237	-1.34794
658.681	-1.16411
639.49	-1.21013
526.589	-1.50956
509.476	-1.59015
460.481	-1.79822
377.066	-1.94517
317.503	-2.05642
391.248	-1.96983
343.033	-2.10708
270.931	-2.21116
104.09	-1.85989
35.5225	-1.80973
37.1828	-1.5925
31.9087	-1.66273
34.6215	-1.6422
31.2428	-1.59847
26.4762	-1.44835
37.8555	-0.923515
85.0338	-0.270496
34.791	-0.958408
36.2198	-1.12172
32.2787	-1.2613
34.7023	-1.05479
40.0099	-1.11223
47.7223	-1.58242
63.5726	-1.79277
99.7685	-1.78777
158.839	-1.80678
137.152	-1.96112
111.809	-1.54169
111.664	-1.9919
325.761	-2.2594
122.53	-1.74876
99.3712	-1.43041
46.9164	-1.58584
61.0952	-2.20468
46.3009	-1.94524
43.5799	-1.94444
37.8686	-1.75316
36.3825	-1.57856
29.6855	-1.54433
31.5304	-1.34021
27.9837	-1.37531
22.8975	-1.21771
24.4817	-1.04633
20.8489	-0.82408
17.9551	-0.626651
21.3424	-0.453876
19.5028	-0.547532
21.9845	-0.741415
18.8279	-0.648931
15.1697	-0.507065
19.02	-0.582129
19.7583	-0.615285
18.8202	-0.514647
14.0596	-0.681484
19.9045	0.164074
23.4877	-0.0213275
14.4499	-0.670652
14.2029	-0.530443
13.2161	-0.730376
14.6609	-0.664562
15.6871	-0.762273
14.5726	-0.679332
13.8522	-0.410126
14.6984	-0.265577
20.8106	-0.552447
331.42	-0.246573
305.134	-0.440475
464.571	-1.38974
550.426	-1.2583
216.327	-1.16672
208.664	-0.843288
362.756	-1.19948
514.285	-1.44754
677.185	-1.39099
720.206	-1.43114
796.936	-1.35247
766.858	-1.45297
805.374	-1.32047
766.37	-1.29045
624.626	-1.33141
563.468	-1.26121
452.075	-1.16861
337.209	-1.14807
276.957	-1.16303
231.527	-1.19233
209.297	-1.15757
206.401	-1.11798
260.833	-0.865263
374.392	-0.501096
509.394	-0.433222
701.842	-0.366736
918.346	-0.407058
1175.91	-0.502248
1222.26	-0.703279
982.872	-0.960693
727.238	-1.17288
528.236	-1.31892
420.302	-1.43011
375.32	-1.43153
363.81	-1.55304
283.649	-2.06615
137.625	-2.24375
78.6772	-1.63091
256.814	-1.35409
385.548	-1.80545
306.825	-2.09981
203.333	-1.56716
436.921	-1.73185
690.454	-1.80192
901.105	-1.51482
1044.24	-1.35271
1265.22	-1.20347
1505.77	-1.00901
1534.25	-1.01487
1621.18	-0.919691
1647.79	-0.917804
1579.93	-1.01886
1562.64	-1.06639
1459.13	-1.16639
1248.63	-1.34539
1028.23	-1.52512
828.24	-1.43806
657.701	-1.41432
605.082	-1.39169
586.65	-1.3378
389.631	-1.56288
214.725	-1.63535
217.34	-1.59816
204.714	-1.66801
196.083	-1.74536
221.046	-1.64065
241.35	-1.67798
399.78	-1.67774
631.794	-1.25118
615.126	-1.23605
520.26	-1.37832
353.013	-1.58375
198.987	-1.56409
139.25	-1.85792
130.502	-1.89799
119.346	-1.8963
97.4768	-1.85572
72.7944	-1.92496
85.9131	-1.8254
56.9402	-1.8885
35.355	-1.43019
19.0302	-1.07335
19.7996	-1.02874
19.0873	-0.953496
164.392	-0.59132
572.366	-0.488742
126.681	-0.46936
343.954	-1.64078
693.006	-1.41227
353.598	-1.83766
432.531	-2.22632
99.9727	-2.33253
44.6077	-1.80825
32.3732	-1.59871
26.8714	-1.69877
44.8632	-1.12179
195.251	-0.697887
127.036	-1.01507
87.4509	-1.29965
260.801	-1.77325
501.759	-1.22883
513.313	-1.18924
422.746	-1.24361
259.761	-1.4534
102.244	-1.51114
30.3918	-1.50831
21.6265	-1.28138
23.2736	-1.18097
140.201	-0.568555
147.236	-0.52983
52.4412	-0.78763
38.2313	-1.15633
211.735	-1.74821
327.025	-1.64156
311.197	-1.76986
201.113	-1.43638
117.196	-1.25548
121.744	-0.328071
132.585	0.418514
120.8	0.637822
116.899	0.885439
120.311	1.29859
125.008	1.26782
107.807	1.13979
100.183	0.953155
103.84	0.715391
85.8438	0.312628
108.155	-1.1379
223.097	-1.03805
334.649	-1.02141
276.885	-1.24366
281.752	-1.08384
105.339	-1.25086
79.2268	-0.477485
92.7265	0.155375
80.4648	0.388009
59.2644	0.0967662
32.4836	-0.114503
32.2546	-0.297701
25.8106	-0.212579
22.0876	-0.187659
23.2647	-0.23248
28.2765	-0.942066
28.2003	-0.62486
44.6863	-0.799654
159.177	-1.91484
259.642	-2.24755
132.823	-2.43502
155.738	-2.29714
142.552	-1.7746
108.291	-1.85846
102.531	-1.90301
109.082	-1.69062
118.178	-1.36713
119.091	-1.08604
136.701	-0.890584
157.077	-0.850724
120.307	-1.45848
66.9448	-1.88196
52.6939	-2.12167
50.6822	-1.96318
50.512	-1.81035
47.1899	-1.79238
38.7604	-1.73153
25.958	-1.64572
23.2593	-1.46538
22.0113	-1.35353
19.123	-1.1629
163.459	-0.938791
105.355	-0.907858
67.2287	-0.719478
38.0475	-1.12723
53.668	-1.91451
149.716	-2.05574
184.9	-1.95852
186.13	-2.08606
107.39	-2.1615
56.8516	-1.90257
112.438	-1.48538
165.595	-1.51965
109.175	-1.3687
42.389	-1.08406
18.7776	-1.18775
19.7867	-1.00241
18.4096	-0.966517
18.8398	-1.04367
47.9073	-0.891263
112.732	-1.21462
47.9534	-1.11029
176.249	-1.65977
328.964	-1.95092
388.068	-2.01148
483.35	-1.77096
523.336	-1.77811
590.687	-1.62614
563.671	-1.66713
512.983	-1.72824
385.144	-1.87353
236.53	-1.98196
95.5092	-1.80744
78.8851	-1.86713
67.7843	-1.80752
52.6653	-1.92231
41.9039	-1.85691
37.143	-2.04061
40.5264	-1.85203
30.2819	-1.7035
30.7645	-1.50868
22.7627	-1.4869
22.4426	-1.2358
18.0123	-1.11693
17.6159	-1.15802
17.0793	-1.18017
11.3878	-0.400133
18.2643	-0.449091
18.4419	-0.626127
18.3389	-0.54566
17.216	-0.414655
18.2846	-0.5659
17.3935	-0.460308
18.1608	-0.689861
22.1853	-0.759139
19.6723	-0.744588
23.7782	-0.50188
260.14	-0.479136
841.092	-0.809452
808.606	-1.03732
544.623	-1.04996
379.651	-1.1441
270.309	-1.03222
204.817	-0.614567
211.462	-0.28933
220.17	-0.16856
176.868	0.220366
210.709	0.318292
207.813	0.409074
214.948	0.358478
223.578	0.313904
250.949	0.183514
312.147	-0.0164612
250.166	-0.00469286
243.192	-0.0868302
257.902	-0.0464226
213.766	-0.329509
190.65	-1.29182
483.83	-2.01615
702.519	-1.88761
751.908	-1.88833
657.076	-1.89221
435.883	-1.95164
233.47	-1.96189
213.174	-0.775498
173.783	-0.0729529
167.296	0.229077
120.851	0.457741
125.308	0.617215
121.104	0.558103
102.398	0.0652603
201.657	-0.937833
398.454	-1.17513
507.345	-1.29472
492.366	-1.05516
245.984	-1.35062
306.286	-1.6149
348.871	-1.64821
283.725	-1.79418
249.925	-1.74971
215.15	-1.75327
183.28	-1.82779
172.961	-1.85278
438.601	-1.7985
708.558	-1.91946
779.211	-1.87414
691.559	-1.79562
499.228	-1.88775
319.266	-1.86545
142.132	-1.87281
48.7665	-1.87432
32.5299	-1.41816
30.1105	-1.18482
36.2408	-1.3739
50.0622	-1.52588
35.2635	-1.79939
114.998	-2.20999
172.326	-2.37095
192.347	-2.2757
200.667	-2.10684
187.177	-2.01671
150.161	-2.01476
101.644	-2.16796
75.2529	-1.85589
73.241	-1.62411
102.436	-0.728434
146.246	-0.385929
143.182	-0.146455
154.142	0.0496461
113.122	0.153758
133.965	0.0627928
205.642	0.141112
169.228	-0.345678
119.03	-0.424575
237.548	-0.864803
419.539	-0.95265
489.372	-1.03128
531.216	-1.04617
503.309	-1.04833
382.247	-1.26257
245.236	-1.53796
151.526	-1.69425
97.5863	-1.80504
79.6571	-1.96521
88.02	-1.93262
75.7144	-2.17229
100.514	-2.0051
120.29	-1.89826
152.545	-1.85266
179.454	-1.87422
232.641	-1.82566
281.152	-1.68283
106.435	-1.48909
52.9742	-0.950028
136.191	-0.362762
82.3146	-0.734216
72.5023	-1.84426
445.941	-1.74373
618.479	-1.74611
813.718	-1.54481
767.087	-1.72228
854.277	-1.53696
854.307	-1.42038
811.384	-1.25844
673.733	-1.13455
569.332	-0.820241
450.665	-0.455767
380.697	-0.192356
302.632	-0.06104
213.397	-0.18499
145.648	-0.566489
103.19	-0.923945
98.6881	-1.03482
85.5182	-1.04622
85.9225	-1.17749
79.1902	-1.31121
86.3153	-1.3012
81.1048	-1.28657
81.503	-1.27903
80.1818	-1.12664
85.1555	-0.627884
102.603	-0.00509031
125.548	0.478903
124.721	0.787997
134.261	0.742663
144.486	0.874446
173.426	0.898137
170.363	1.04613
127.258	0.946559
112.16	0.781746
91.2035	0.338714
57.1589	-0.262065
48.3641	-0.948417
87.2575	-1.70289
284.041	-1.91757
337.791	-1.85922
472.326	-1.61605
367.395	-1.65297
519.92	-1.79142
232.238	-2.01067
445.207	-2.09004
161.953	-2.20148
246.696	-2.25513
159.096	-2.47862
117.854	-2.25156
87.4258	-2.21721
56.2115	-2.05199
40.5285	-1.99934
32.2672	-1.51725
25.8414	-1.20142
24.6115	-1.20371
21.9143	-1.15379
23.2702	-1.20767
21.3714	-0.970964
17.6468	-0.793525
16.6694	-0.790677
19.4184	-0.70545
19.0571	-0.62754
19.3503	-0.487638
16.9997	-0.732917
16.9166	-0.533799
21.696	-0.706556
17.5695	-0.776256
18.0649	-0.597479
20.2789	-0.435588
18.3444	-0.693635
19.3934	-0.631015
19.7477	-0.57881
17.4159	-0.692698
18.6687	-1.04377
22.7077	-1.22131
30.8336	-1.69333
35.4115	-1.5595
37.208	-1.54111
40.4698	-1.64212
33.5209	-1.68819
40.2076	-1.32925
137.566	-0.921922
113.797	-0.999333
117.657	-0.814985
135.78	-0.95888
142.589	-0.934794
132.407	-0.79219
110.377	-0.765746
111.601	-0.531232
128.563	-0.395088
112.356	-0.0488817
130.221	0.0987633
134.742	0.249312
137.519	0.562905
151.545	0.38968
132.3	0.551887
137.221	0.510575
133.657	0.474324
121.828	0.168173
100.38	-0.552525
274.785	-1.2627
455.558	-1.59074
555.296	-1.56748
586.264	-1.69837
655.109	-1.61838
688.698	-1.5066
605.891	-1.55397
548.682	-1.51014
390.963	-1.62237
207.478	-1.9403
168.971	-1.97532
148.721	-2.03362
142.74	-2.1246
146.526	-2.07689
144.398	-1.93616
117.757	-2.06801
125.133	-1.973
97.8301	-2.05472
102.461	-1.97532
132.042	-1.1922
192.381	-0.261634
67.4673	-0.749614
215.914	-0.082757
111.184	0.116033
164.57	-0.262934
244.631	-0.549251
106.05	-0.530209
104.023	-0.197675
134.049	0.0572386
346.291	-0.304015
470.945	-1.12256
1183.35	-1.30882
1225.89	-1.45368
1235.18	-1.57711
1177.45	-1.69749
994.75	-1.90775
792.513	-2.0512
535.311	-2.18601
321.85	-1.9357
180.21	-1.17552
200.674	-0.325967
244.455	0.119547
268.126	0.362494
229.635	0.1176
193.3	0.365735
168.328	0.364364
171.971	0.12588
257.736	-1.22428
883.743	-0.598328
1036.85	-0.168297
917.288	-0.0675587
497.933	-0.190235
135.535	-0.621374
52.1355	-1.30155
37.1299	-1.26417
29.1159	-0.945676
37.0002	-0.548246
90.1466	-0.452275
175.75	-0.652272
91.3187	-0.77383
569.034	-1.41717
778.417	-1.71251
667.768	-1.94205
584.824	-2.01922
444.561	-1.97294
197.507	-2.26507
169.387	-2.01823
177.078	-1.83563
175.807	-1.90976
139.094	-2.02285
150.498	-1.89945
143.536	-1.85121
136.903	-1.84259
152.767	-1.9039
165.859	-1.9366
134.157	-2.10097
161.324	-1.82799
146.196	-1.92605
144.107	-1.81748
128.09	-1.92093
91.7481	-2.00774
69.0555	-1.71509
59.2848	-1.73966
48.8582	-1.64366
41.9047	-1.58371
39.7537	-1.66246
31.9524	-1.62465
25.5189	-1.49732
24.1748	-1.53406
25.2137	-1.08997
27.3625	-1.28032
27.5883	-0.923475
203.636	0.377441
113.87	0.319
219.697	-0.0390159
170.747	-0.0446228
100.547	-0.343644
111.813	-0.772035
535.835	-0.547146
554.704	-0.912368
436.075	-1.52406
483.642	-1.36908
489.06	-1.24784
381.558	-1.04249
118.404	-0.922108
35.8684	-1.10548
29.441	-1.00203
24.3442	-0.900321
24.1228	-0.776336
25.0549	-0.910977
23.0158	-0.809445
22.9371	-0.950555
20.7495	-0.868285
98.5689	-0.367282
99.921	-0.614125
133.087	-0.790931
243.8	-1.53117
484.991	-1.64545
593.481	-1.79214
632.075	-1.85163
489.268	-2.09491
292.536	-2.16133
188.848	-1.82185
119.257	-1.11901
140.531	-0.212601
93.2376	0.153461
79.7998	0.0569611
70.6354	0.0652216
67.406	-0.037399
64.7238	-0.144663
54.6779	-0.425194
57.051	-0.0906353
57.4719	0.109477
59.3028	0.293427
94.3848	0.51891
132.82	0.484447
147.073	0.385325
95.7879	-0.264756
138.278	-1.62878
83.8894	-1.59879
93.475	-0.969717
87.7435	-1.25373
152.776	-2.08774
167.781	-2.38071
132.328	-2.37
122.221	-2.22205
123.623	-1.99279
96.0907	-2.04704
78.7005	-2.08287
78.1371	-2.11445
79.3793	-2.15046
110.69	-2.10716
176.1	-2.03928
243.297	-2.11655
325.374	-2.0373
405.372	-1.89559
407.518	-1.97076
367.512	-2.01193
204.084	-2.03713
256.434	-2.07395
208.618	-2.06082
201.552	-2.065
189.531	-2.09367
181.104	-2.1464
169.01	-2.10946
155.542	-2.06263
125.891	-2.0035
62.0776	-1.86717
26.7943	-1.44421
20.0434	-1.12603
21.7107	-0.896973
23.8947	-0.986535
22.5922	-0.99951
23.9066	-0.901073
19.2386	-1.00538
28.0819	-0.451503
80.1733	-0.309649
30.2835	-0.360998
33.4897	0.0561889
58.8032	0.421807
90.055	0.485427
93.5855	0.11821
87.9707	0.319631
101.045	0.287002
91.2119	0.282806
87.4529	0.626891
87.3889	0.619145
84.4942	0.286222
89.9831	0.109249
66.5466	0.305934
54.7318	0.188085
40.3503	0.233389
32.4581	-0.12304
23.3554	-0.516178
19.6901	-0.597007
22.2873	-0.374493
19.2673	-0.570943
18.6378	-0.612417
17.465	-0.610521
19.6465	-0.394866
17.4565	-0.58624
18.1744	-0.695946
16.9606	-0.457766
17.7828	-0.699014
17.7352	-0.632172
20.7189	-0.6577
23.083	-0.598248
25.443	-0.491337
22.5686	-0.58223
18.7893	-0.582026
20.6201	-0.613794
20.0609	-0.561003
24.8068	-0.619416
22.2104	-0.671012
21.772	-0.417548
25.3185	-0.671949
27.7123	-1.00594
38.7226	-1.56745
45.5465	-1.67454
50.4749	-1.63974
158.356	-0.70736
428.058	-0.765963
402.37	-1.55939
548.982	-1.53342
601.995	-1.54606
591.167	-1.46976
570.438	-1.46608
453.774	-1.36885
333.205	-1.41526
276.022	-1.25818
252.655	-1.01461
215.15	-0.621279
252.235	-0.421226
236.258	-0.116569
234.795	-0.108064
202.701	-0.0156345
193.998	-0.0581331
217.355	-0.0173007
171.693	-0.363555
174.784	-1.18428
261.245	-1.62778
319.739	-1.83708
410.029	-1.85025
548.468	-1.82232
638.578	-1.84591
662.574	-1.93833
569.53	-2.11095
549.36	-1.9532
360.654	-2.24794
260.647	-2.11173
177.382	-2.11212
127.945	-2.00158
157.134	-1.77979
102.886	-2.05664
89.7877	-2.01893
83.4825	-1.90584
81.7831	-1.51575
111.794	-0.545404
155.645	-9.87511e-05
185.304	0.158039
224.86	-0.1815
236.34	-0.79584
229.111	-1.17522
298.776	-1.38148
341.416	-1.3835
333.914	-1.5795
323.68	-1.61433
325.351	-1.56781
262.578	-1.68752
213.97	-1.5132
159.208	-1.25968
154.604	-0.745347
181.524	-0.00622003
214.114	0.240095
217.53	0.429334
165.501	0.63912
148.849	0.921885
167.525	0.728544
147.503	0.456487
97.6945	0.238663
101.956	0.158944
56.8017	-0.0328769
32.1809	-0.460562
37.436	-0.539904
40.8854	-0.407345
101.542	-1.11291
924.773	-0.976176
519.284	-1.61187
278.351	-1.20845
429.261	-0.950448
654.967	-1.11891
728.694	-1.43788
863.266	-1.30604
893.591	-1.12394
815.991	-1.0527
663.665	-1.03962
495.633	-1.08899
339.196	-1.15691
234.063	-1.2147
209.766	-0.965144
155.63	-0.976301
146.651	-0.759527
163.328	-0.688089
158.054	-0.523668
148.285	-0.924706
142.102	-1.17386
134.312	-1.00936
117.51	-1.36557
105.588	-1.57464
115.18	-2.03337
187.758	-2.01188
299.506	-1.99392
336.924	-2.11069
345.505	-2.20161
346.02	-2.32277
315.802	-2.45196
305.906	-2.21674
162.415	-2.62195
98.5495	-2.44865
77.0022	-2.16291
61.2697	-2.11234
56.0243	-2.00806
48.2887	-1.92605
46.5323	-1.91515
52.4774	-1.9126
64.168	-2.09834
126.172	-2.20699
287.907	-2.1623
395.592	-2.14359
459.81	-2.05677
435.507	-2.14163
484.164	-1.90395
457.502	-1.699
252.924	-1.97893
89.9635	-2.03114
78.5015	-2.02556
67.8599	-2.11766
89.2961	-1.76578
93.0784	-1.65929
92.594	-1.8565
139.348	-1.81042
210.436	-1.72754
253.015	-1.77682
315.794	-1.79884
316.697	-1.85709
278.494	-1.58327
176.189	-1.98602
158.037	-1.84914
131.038	-2.0913
100.449	-2.18117
81.6688	-2.10876
72.9936	-1.8876
56.5773	-1.70293
52.0448	-1.59604
39.5277	-1.45782
37.04	-1.29928
50.3886	-0.488298
34.926	-0.696394
26.935	-0.911563
28.3782	-0.843478
24.9394	-0.76894
25.3298	-0.789812
22.149	-0.840324
23.6153	-0.508727
22.7987	-0.519534
21.318	-0.511787
20.3107	-0.675537
24.3163	-0.762802
20.9065	-0.814343
20.7443	-0.574517
12.2032	-0.610712
18.2191	-0.65406
17.0185	-0.483236
17.9104	-0.871983
17.4336	-0.650578
16.1642	-0.559478
16.9078	-0.50065
16.443	-0.493101
17.5608	-0.55459
17.2368	-0.584331
15.1883	-0.481253
16.419	-0.545649
15.8647	-0.80157
140.045	0.0954995
336.032	0.0614644
134.31	-0.18177
73.9688	-0.814901
79.0976	-1.85524
112.599	-1.88998
168.656	-1.7651
171.659	-2.01548
203.537	-1.97784
237.226	-1.97721
246.866	-1.8857
235.046	-1.9777
258.334	-1.8694
259.94	-1.69688
162.67	-1.75874
152.794	-1.63554
138.749	-1.7063
135.145	-1.75827
136.763	-1.70537
125.29	-1.74838
111.625	-1.75793
94.2154	-1.75441
195.97	-1.32453
511.464	-1.4682
747.042	-1.31432
772.72	-1.02079
273.359	-0.859187
434.44	-1.24683
897.585	-1.42467
1308	-1.3195
1461.48	-1.29715
1311.68	-1.44875
1293.33	-1.46528
1214.97	-1.56125
1311.32	-1.4245
1224.76	-1.44315
1113.92	-1.41899
709.431	-1.56245
217.316	-1.7372
56.9254	-1.94103
45.4545	-1.71813
36.7644	-1.69812
33.4313	-1.35005
27.0872	-1.09393
28.4986	-1.11837
25.5942	-0.913094
22.935	-0.914403
31.9582	-0.72027
74.8451	-0.697334
92.6311	-0.92759
307.722	-1.69135
414.318	-1.96035
294.932	-1.76774
202.887	-1.38004
380.067	-1.78957
512.42	-1.60314
662.271	-1.67936
541.594	-1.79635
647.07	-1.79298
674.484	-1.73973
631.584	-1.62041
495.088	-2.32058
263.498	-2.19624
376.828	-2.13997
354.319	-2.08923
253.987	-2.00777
238.225	-1.83801
70.3674	-2.03643
33.9872	-1.5547
28.4268	-1.28812
23.7947	-1.30816
27.4682	-1.2253
22.3089	-0.854295
28.818	-0.858421
112.251	-0.429276
100.702	-0.389534
154.547	-0.302433
54.5807	0.0746908
70.0001	-0.0518625
67.1465	-0.336388
214.686	-0.389802
307.44	-0.412876
229.083	-0.831549
245.49	-0.897821
251.291	-1.04886
261.004	-1.13866
289.715	-0.894295
268.637	-0.810692
221.42	-0.897736
194.298	-0.953904
207.884	-1.16045
288.078	-1.4588
303.092	-1.83432
325.099	-1.82708
286.964	-1.89809
293.633	-1.74966
195.465	-1.87463
94.8836	-1.79003
77.3497	-1.64702
71.7098	-0.941079
85.2811	-0.387886
76.2952	0.000540733
66.5708	0.197312
67.2499	0.328466
75.7713	0.482679
63.1718	0.475808
66.75	0.42299
79.7721	0.276969
66.6995	-0.0436162
46.0048	-0.732677
51.1054	-1.21634
260.79	-1.56952
476.758	-1.49716
564.543	-1.35941
500.795	-1.49014
472.892	-1.58691
345.069	-1.70627
295.857	-1.56361
239.337	-0.876677
165.528	-0.570988
148.274	-0.899244
109.633	-1.58598
64.9303	-1.69857
32.7757	-1.38598
24.2422	-1.12107
20.0435	-1.0027
18.6987	-0.740626
17.6359	-0.988124
16.0996	-0.728844
19.5212	-0.714648
92.251	-0.692167
81.979	-0.763275
185.559	-0.777515
123.83	-1.00149
52.6728	-1.43533
193.602	-1.61857
359.768	-1.68438
400.974	-1.88375
429.222	-2.01107
443.283	-1.93521
415.357	-2.00094
394.984	-1.93609
358.894	-2.03879
346.437	-2.05024
314.023	-2.12424
250.734	-1.89271
110.993	-1.35952
60.7629	-0.792847
77.5819	-0.323827
97.2297	-0.623865
147.389	-1.10595
167.688	-1.0329
216.399	-0.676367
233.943	-0.49597
113.592	-0.773375
138.047	-0.569655
92.5565	-0.505841
79.4725	-0.621082
67.8653	-0.870671
64.4829	-0.779301
51.1522	-0.921034
26.1889	-1.17686
20.5391	-0.797729
17.6406	-0.654221
17.9244	-0.683761
17.3152	-0.69953
17.7792	-0.654777
19.3366	-0.563326
17.0926	-0.44653
17.347	-0.50406
14.7202	-0.569997
17.6285	-0.654927
15.5915	-0.518025
15.8765	-0.698357
69.6083	-0.724425
68.6071	-0.713484
119.774	-0.718504
62.0903	-0.575474
31.2881	-0.350684
28.3804	-0.751459
24.4196	-0.918705
19.9864	-0.688056
19.3355	-0.380619
19.6261	-0.620247
20.0127	-0.672441
16.57	-0.752398
15.8193	-0.521418
17.8377	-0.577284
15.5101	-0.413227
16.531	-0.436952
15.5928	-0.615789
15.1017	-0.525498
15.0003	-0.733396
18.6659	-0.405789
17.0074	-0.603348
16.3198	-0.535956
17.0568	-0.477777
15.828	-0.637226
16.9062	-0.511652
16.3203	-0.604188
20.2049	-0.950139
27.6146	-1.24799
32.9041	-1.51626
44.4283	-1.53486
54.4132	-1.09566
101.533	-1.55167
640.256	-1.67184
1304.64	-1.49629
1422.69	-1.20098
1046.23	-1.13989
391.307	-1.42363
110.183	-1.52438
48.0844	-1.44803
35.3297	-1.29506
32.9169	-1.15525
28.1645	-1.15209
24.8258	-1.05475
185.478	-0.412763
267.025	-0.505515
92.3985	-1.17414
403.877	-1.05595
614.979	-0.908976
628.811	-0.965826
571.127	-1.07331
416.515	-1.20261
167.061	-1.46078
61.2036	-1.479
38.0314	-1.4358
30.9739	-1.3108
38.1039	-0.902694
80.0693	-0.381318
128.839	-0.615125
136.789	-0.885238
130.118	-1.35458
380.639	-1.53749
477.342	-1.35806
460.69	-1.38279
424.97	-1.37435
365.509	-1.31331
270.154	-1.34422
197.45	-1.38282
144.469	-1.0586
153.196	-0.552999
118.64	-0.268799
91.4454	-0.112949
51.5407	-0.440703
81.6281	-1.07217
143.496	0.0444614
91.3424	-0.323202
102.371	-0.784451
65.3912	-1.45344
82.979	-1.52315
89.6382	-1.56328
99.9271	-1.53396
161.444	-1.01519
125.609	-1.44658
115.454	-1.57992
97.2779	-1.76207
87.4059	-1.90214
88.7326	-1.83863
91.5267	-1.75869
85.8957	-1.8317
67.1097	-2.00349
59.2921	-2.01452
50.2498	-1.93722
64.0393	-1.26991
62.4834	-1.09882
46.4393	-0.565331
47.8076	-0.109898
67.5612	0.222207
58.7776	0.419191
85.0685	0.655008
85.1702	0.841453
99.5026	0.352387
99.5876	0.265027
73.1756	0.243805
63.7938	-0.148957
134.569	-0.839735
265.662	-0.768422
252.69	-0.818347
290.518	-0.75454
344.319	-0.684664
364.177	-0.686003
373.666	-0.579322
369.276	-0.703224
323.882	-0.856426
348.139	-0.824967
387.194	-0.890438
440.744	-0.937841
518.903	-1.01625
640.081	-0.963149
740.052	-0.853176
755.694	-0.89168
743.29	-0.948932
719.527	-1.01658
684.796	-1.09051
597.753	-1.19249
388.85	-1.36448
181.82	-1.58599
130.923	-2.00226
142.258	-1.91022
150.312	-1.71596
138.565	-1.88209
146.462	-1.82562
141.008	-1.86475
144.518	-1.8932
135.646	-2.06833
143.25	-1.93446
137.101	-2.04018
143.663	-2.09755
390.108	-1.5405
462.364	-1.53052
367.544	-1.67633
321.252	-1.63178
243.646	-1.73934
166.044	-1.79365
121.959	-1.63775
87.7552	-1.31864
91.659	-0.926094
82.6778	-0.462933
80.1142	-0.299917
82.1362	0.106778
81.855	-0.24544
95.6186	-0.49352
119.701	-1.10622
192.647	-1.35452
271.023	-1.32401
352.196	-1.19927
359.36	-1.31262
384.218	-1.30708
263.703	-1.34309
101.731	-0.615849
156.642	-0.122469
267.522	-1.00488
400.701	-1.39192
472.155	-1.50768
458.479	-1.50325
411.093	-1.60529
382.742	-1.60684
327.769	-1.82816
349.307	-1.76841
341.132	-1.75963
326.368	-1.8051
295.081	-1.84155
263.869	-1.8281
236.88	-1.75706
239.721	-1.82901
309.848	-1.76532
385.066	-1.7387
507.081	-1.63271
647.825	-1.50489
668.119	-1.53542
640.106	-1.65382
580.369	-1.75215
496.329	-1.75714
364.185	-2.00979
296.115	-2.02328
216.836	-1.97908
145.785	-1.86337
136.873	-0.973385
169.848	-0.349949
124.387	0.0676549
84.7133	0.275439
124.839	0.56716
100.386	0.508945
101.101	0.340641
82.5434	0.300878
58.0274	-0.0430055
36.9331	-0.777858
52.3528	-1.51554
83.8653	-2.06456
135.703	-1.90825
117.498	-1.96249
118.939	-1.77563
104.314	-1.80456
98.575	-1.61764
80.4936	-1.65283
66.2277	-1.56173
50.412	-1.44625
30.6649	-1.4895
24.8816	-1.29422
22.6446	-1.23087
21.1763	-1.21916
21.5907	-0.793958
18.7534	-0.824873
51.7502	-0.841619
236.848	-0.451962
140.725	-0.408986
165.183	-0.603682
310.8	-0.856528
289.798	-0.936609
208.609	-1.3811
97.9927	-1.79222
94.9647	-1.86683
84.7871	-1.99883
76.1466	-2.06046
72.7613	-1.94435
63.4369	-1.99349
50.5193	-1.89185
40.3397	-1.71957
76.2245	-0.960549
124.368	0.195751
73.5225	0.204748
64.3147	0.169407
57.9502	0.310815
43.4775	0.134588
38.6013	0.159867
36.2459	0.155325
29.9959	-0.13636
26.3982	-0.332607
23.1473	-0.467461
28.2168	-0.483013
98.4805	-0.643186
154.38	-0.718701
229.145	-1.54727
255.406	-0.620063
74.8591	0.494363
128.193	0.767093
114.913	-0.0658576
285.313	-1.20854
351.142	-1.26767
308.159	-1.33134
201.233	-1.29244
129.107	-1.19022
102.261	-0.499433
118.135	0.0969274
100.294	0.115602
104.96	0.463259
90.3991	0.508239
86.0985	0.392402
78.0076	0.387555
67.7703	-0.0382837
59.417	-0.592191
51.0609	-1.12119
51.1625	-1.03939
54.5783	-0.974246
50.7663	-1.5009
215.152	-1.77387
338.663	-1.8031
156.326	-1.97984
285.038	-1.91129
138.786	-2.20876
183.142	-2.09728
52.333	-1.55174
40.5374	-1.23168
76.2567	-2.15231
127.494	-2.30383
50.2189	-1.70898
40.3474	-1.81523
61.1052	-1.82746
57.8943	-1.84016
49.2577	-1.7719
48.9589	-1.72281
38.8206	-1.75536
35.7589	-1.73478
38.4523	-1.5619
30.747	-1.5922
26.3746	-1.39791
26.8266	-1.55132
24.6368	-1.3162
18.3426	-0.918992
19.0015	-0.830656
91.3012	-0.0347494
57.6173	0.258078
52.1975	0.908619
66.7715	0.818113
78.3855	0.813173
68.6369	0.686587
74.0501	0.650132
61.7778	0.727189
57.1067	0.55127
54.9287	0.762055
41.428	0.615516
32.523	0.310966
29.6631	0.0549203
21.6184	-0.639581
17.0049	-0.617451
15.6917	-0.641416
18.1037	-0.650419
18.4931	-0.595641
17.3599	-0.641176
17.9462	-0.491878
16.6293	-0.438544
15.7762	-0.490037
15.8354	-0.464929
18.322	-0.30075
14.6914	-0.530099
14.8704	-0.518041
18.3785	-0.541229
19.7911	-0.740244
19.4698	-0.550545
17.6362	-0.679731
20.2696	-0.762285
18.5679	-0.593651
16.6823	-0.635331
15.976	-0.50393
18.9751	-0.530995
19.5392	-0.621824
24.4816	-0.833058
29.3859	-1.24796
37.1182	-1.16602
84.2537	-0.265184
142.75	0.0246358
178.078	0.090193
192.122	0.0108007
258.391	-0.0427043
381.445	0.0379469
448.199	-0.245541
878.044	-0.244779
1140.56	-0.540377
1158.58	-1.06539
1095.59	-1.35184
975.054	-1.6274
781.395	-1.7582
502.779	-2.02562
288.589	-1.98397
186.754	-1.76765
187.451	-1.81229
210.247	-1.75214
210.08	-1.80224
239.4	-1.56676
349.01	-1.43617
318.255	-2.35553
446.397	-1.93393
470.741	-1.82948
469.983	-1.74691
450.942	-1.7087
381.555	-1.70048
240.315	-1.76424
84.2913	-1.7881
41.6099	-1.72394
37.9559	-1.70049
32.8999	-1.72692
32.7635	-1.40979
27.8458	-1.19695
162.928	0.295085
225.295	-0.0801823
247.182	-0.600901
99.8455	-0.618894
178.113	-1.59796
438.908	-1.25672
543.365	-1.00452
519.75	-1.00138
380.54	-1.04104
197.288	-1.10538
59.2039	-1.43323
33.5409	-1.63945
46.014	-1.31989
51.1864	-1.25082
60.2718	-0.302718
68.4709	-0.238195
138.866	-0.426021
146.492	-1.04598
208.326	-1.15651
605.929	-1.622
513.765	-1.86067
899.452	-1.46365
836.294	-1.43678
839.816	-1.41895
692.563	-1.43719
640.776	-1.54226
768.626	-1.43437
623.88	-1.67763
476.816	-1.90964
341.291	-1.9339
168.723	-2.19084
134.693	-1.98706
130.148	-2.06116
141.788	-2.01074
149.602	-1.92126
156.132	-1.82498
157.757	-1.88427
152.74	-1.97875
176.375	-1.74269
174.602	-1.84028
183.167	-1.71897
181.021	-1.66063
183.82	-1.58919
171.059	-1.53283
172.369	-1.63195
289.165	-1.70408
334.058	-1.63922
345.321	-1.60241
394.163	-1.48233
434.186	-1.43767
439.864	-1.4447
435.406	-1.44674
395.982	-1.50454
332.531	-1.52152
210.32	-1.61016
110.368	-1.69804
59.8755	-1.87417
49.3921	-1.70935
38.7452	-1.64735
31.7787	-1.67172
28.4825	-1.36811
32.3821	-1.24051
32.3983	-1.38096
47.665	-1.65866
87.4911	-1.76844
174.519	-1.85556
257.177	-2.01019
393.474	-1.68965
427.243	-1.50444
435.025	-1.46153
542.595	-1.4282
758.709	-1.24435
871.504	-1.23106
723.54	-1.49486
593.659	-1.62265
604.865	-1.58654
378.754	-2.08895
266.269	-1.99454
434.069	-1.76437
359.78	-1.84055
398.84	-1.73803
664.074	-1.55216
426.255	-1.72368
793.094	-1.54534
377.139	-1.67895
705.002	-1.44875
411.636	-1.51172
547.92	-1.32843
346.297	-1.72629
430.615	-1.5553
462.248	-1.67071
550.932	-1.64483
585.416	-1.7171
596.791	-1.68376
507.021	-1.88177
362.524	-2.21547
256.836	-2.49755
188.582	-2.39534
120.555	-2.23136
106.062	-1.86116
84.18	-1.98421
68.6667	-2.13819
63.9381	-1.92262
55.7374	-1.81898
41.2328	-1.75279
43.426	-1.59829
40.6341	-1.4041
40.3211	-0.676623
56.4024	0.279615
60.2079	0.40414
100.023	0.530086
83.2008	0.457298
91.6964	0.45274
102.671	0.465761
88.6064	0.436749
90.4929	0.465178
63.3005	0.275964
50.9428	-0.129797
50.0294	-0.633608
148.878	-1.07471
294.692	-1.13114
400.909	-0.844889
409.445	-0.987392
483.482	-1.09544
504.799	-1.29334
407.116	-1.40406
352.291	-1.71015
173.249	-1.72011
112.921	-1.42785
108.623	-0.784484
104.978	-0.384743
119.547	0.0674506
107.751	0.319874
126.45	0.538139
119.398	0.335867
128.048	0.26774
77.514	-0.329028
26.2399	-0.888974
19.2928	-0.700863
24.5585	-0.698257
25.0731	-0.736166
27.7772	-0.543749
125.441	-0.635892
140.556	-0.163807
163.837	-0.875323
300.724	-1.59255
176.527	-1.93864
195.479	-2.07215
317.918	-1.90813
410.471	-2.0099
387.59	-2.16848
349.442	-2.21447
340.784	-2.01594
273.243	-1.97786
203.334	-1.823
180.913	-1.79464
116.166	-1.82266
77.6688	-1.74481
70.0587	-1.20893
75.7123	-0.518017
89.4696	-0.18211
78.9637	-0.0252512
82.691	0.178772
79.9289	0.299669
87.5822	0.354262
84.7663	0.147936
67.8285	-0.0201013
57.6694	-0.121653
51.7703	-0.486745
60.393	-1.01039
158.405	-0.977121
148.279	-0.892343
100.938	-1.13231
65.7867	-1.21992
42.806	-1.17483
27.2503	-1.27519
22.6657	-0.89502
17.6678	-0.794531
19.3284	-0.728233
19.4218	-0.658675
19.513	-0.683217
18.0176	-0.687257
20.9425	-0.688752
83.1098	-1.40342
76.2981	-1.4515
31.9063	-0.9042
46.9821	-1.47973
32.5873	-1.17706
29.7675	-1.37867
47.1423	-1.78826
67.2704	-2.26027
75.8718	-2.33544
67.3268	-2.21302
59.7246	-2.0157
59.2744	-1.98224
54.145	-2.04766
52.0865	-1.883
42.3903	-1.90513
39.2414	-1.67685
32.2168	-1.63858
27.264	-1.20301
23.838	-1.02284
18.0183	-0.847338
157.152	-0.618766
184.515	-0.474768
93.1197	-0.244938
67.1786	-0.488677
53.1617	-0.628034
43.7831	-0.768239
42.2976	-1.03152
69.1822	-1.33249
129.312	-1.90355
132.839	-2.00181
225.13	-1.89641
396.723	-1.93255
483.855	-1.7043
395.987	-1.77474
206.353	-2.16086
146.557	-2.08235
118.305	-2.0268
89.3535	-2.08021
76.8562	-1.90393
58.8306	-2.06887
50.8005	-1.89377
41.1456	-1.90136
40.874	-1.92128
39.2921	-1.67042
31.1852	-1.73828
27.5223	-1.3819
26.445	-1.2093
25.5933	-1.19298
26.9717	-1.25821
27.5363	-1.27714
25.9189	-1.29262
28.7367	-1.08356
26.3011	-1.16394
21.6843	-0.780921
20.1514	-0.878749
19.2639	-0.808056
19.2491	-0.684175
19.3043	-0.54007
17.1894	-0.676559
19.3044	-0.571663
19.0261	-0.576404
17.203	-0.646262
17.2941	-0.678858
17.8801	-0.506714
10.2972	-0.520818
13.8327	-0.572447
15.1894	-0.427498
15.2684	-0.570466
15.7513	-0.769516
18.8389	-0.620547
64.7393	-1.4923
248.643	-1.40626
38.005	-1.34246
67.3604	-1.76665
164.166	-1.51178
426.875	-1.37842
502.557	-1.33578
877.073	-1.51713
786.881	-2.0875
805.512	-1.98383
910.629	-1.7572
761.443	-1.89898
670.632	-1.89337
589.423	-1.92728
536.433	-2.0163
560.381	-2.02332
591.605	-2.05198
732.75	-1.89845
941.908	-1.72286
1191.64	-1.3983
1316.64	-1.3094
1252.36	-1.37992
1150.74	-1.46344
986.604	-1.6113
776.848	-1.77155
476.271	-2.00883
188.01	-2.2192
108.244	-1.80788
99.5546	-1.78496
75.6413	-1.85996
58.2237	-1.83788
47.0206	-1.95382
131.809	-0.293975
86.0437	-0.192031
106.181	0.269895
125.252	0.513964
141.557	0.381094
160.263	0.309295
151.12	0.065181
141.62	-0.599366
168.655	-1.09117
204.463	-1.28834
205.464	-1.11287
197.63	-1.07331
199.543	-0.875369
174.091	-0.982292
169.564	-0.87719
159.218	-0.714799
166.964	-0.531942
151.571	-0.397333
126.488	-0.701261
134.095	-0.625207
110.606	-0.724216
74.0471	-1.05782
59.436	-1.17593
52.8161	-0.905739
65.4579	-0.844595
73.8484	-1.21523
113.127	-1.34691
174.762	-1.74954
312.494	-1.64867
436.29	-1.64079
520.134	-1.61158
579.493	-1.43992
616.899	-1.26581
595.106	-1.26033
598.955	-1.11087
575.02	-0.953346
495.02	-0.97445
423.563	-1.04718
432.519	-0.791439
463.557	-0.555466
503.299	-0.387035
552.848	-0.394717
630.029	-0.410456
669.134	-0.524353
695.657	-0.69015
629.374	-1.12273
683.422	-1.1584
494.315	-1.58664
477.639	-1.74719
452.006	-1.82419
323.603	-2.00169
273.137	-2.14319
285.178	-2.0325
217.423	-1.96301
181.25	-2.07565
149.073	-2.32371
123.2	-2.07792
104.092	-1.94734
83.5596	-1.87683
72.3961	-1.8305
68.815	-1.98501
64.6306	-1.72622
65.3739	-1.68415
62.7341	-1.6554
77.6954	-0.974539
93.2552	-0.517205
130.686	0.0451447
176.724	0.486662
172.333	0.730132
152.24	0.457198
127.542	0.644889
101.427	0.259627
79.5605	0.166069
63.5245	-0.340879
45.2441	-1.10422
263.924	-1.74165
495.272	-1.71777
506.717	-1.86305
539.606	-1.86726
459.896	-1.91677
355.918	-2.0027
258.084	-2.0807
172.197	-2.10875
110.976	-2.20941
90.4381	-2.10345
66.8736	-2.09167
51.4791	-2.06406
41.9448	-1.88627
35.7377	-1.39728
24.9841	-1.52256
26.076	-1.19139
22.3638	-1.06219
17.1466	-0.918034
26.8018	-0.985768
40.4232	-1.30011
27.6983	-1.21168
29.6957	-1.18061
27.9613	-1.48516
26.1585	-1.33847
47.8251	-1.80656
143.813	-1.92432
188.853	-1.6787
197.063	-1.93537
219.599	-1.93509
243.437	-1.8261
276.329	-1.64152
228.01	-2.02539
249.124	-1.80543
278.053	-1.47755
326.286	-1.22888
416.592	-1.40121
388.447	-1.81412
455.648	-1.66411
450.069	-1.63083
507.608	-1.4125
508.765	-1.33946
236.249	-1.45996
161.061	-1.5683
200.879	-1.55512
154.447	-1.36149
113.595	-1.29855
69.7812	-1.56356
56.5217	-1.45485
47.9412	-1.20595
39.5359	-1.28639
34.4321	-1.01148
30.6699	-1.07929
23.8595	-1.06287
21.312	-1.13656
18.7876	-0.923865
20.0733	-0.812458
17.5434	-0.952081
15.7226	-0.734096
15.7861	-0.668008
17.586	-0.620267
16.4568	-0.575612
15.6766	-0.805887
10.3177	-0.580391
15.7226	-0.539657
14.172	-0.415022
15.2118	-0.388475
15.0531	-0.609329
19.7129	-0.402605
14.2556	-0.428856
14.1583	-0.517977
13.957	-0.674091
14.2673	-0.671529
14.9872	-0.731016
14.1616	-0.710046
16.711	-1.0663
32.0672	-1.64562
69.9639	-1.61009
71.4185	-1.56173
133.611	-1.46148
151.921	-1.63264
169.956	-1.44695
266.135	-2.06179
440.304	-2.06587
593.248	-1.87652
596.448	-1.87296
584.657	-1.81131
459.605	-1.86961
349.54	-1.78315
220.63	-1.66234
171.994	-1.38089
133.955	-1.3514
145.189	-1.24691
204.085	-1.17155
336.814	-1.09473
373.216	-1.02081
356.713	-1.04384
314.88	-1.16981
267.741	-1.39384
182.316	-1.44364
140.626	-1.1916
107.985	-1.07417
100.111	-0.56596
116.038	-0.382641
129.269	-0.33434
173.341	-0.416988
215.777	-0.746864
236.997	-1.19821
191.154	-1.62888
160.234	-1.79449
148.734	-1.99574
145.234	-1.91544
159.299	-1.80005
174.322	-1.60624
184.17	-1.44027
173.152	-1.0769
169.443	-0.744756
193.194	-0.110516
200.227	0.260241
167.176	0.308412
175.801	0.735946
158.396	0.837879
188.405	1.06068
133.494	0.954797
135.401	0.944338
132.402	0.649425
110.598	0.831903
116.157	0.839046
98.5187	0.546542
60.6813	-0.264223
195.604	-1.32073
484.258	-1.16016
572.8	-1.15009
605.991	-1.21094
665.875	-1.19996
678.98	-1.27408
690.902	-1.38337
700.334	-1.46956
722.914	-1.51144
631.259	-1.65274
581.899	-1.72226
521.965	-1.77032
431.14	-1.87792
357.426	-2.00455
361.648	-1.91966
345.902	-2.05492
363.822	-2.01949
381.871	-1.98954
386.933	-2.03705
401.46	-1.98994
444.061	-1.92037
485.344	-1.89724
481.422	-1.95526
466.52	-1.94903
438.988	-1.97902
353.269	-1.98884
247.498	-1.73483
207.118	-1.36534
178.98	-1.62854
101.16	-1.95337
80.5792	-1.84371
75.4695	-1.25716
130.355	-0.901026
118.555	-0.180338
115.479	0.217972
104.701	0.570504
138.004	0.79474
165.511	0.767548
150.709	0.743715
159.123	0.623042
145.65	0.308444
110.688	0.392686
110.183	0.232812
88.929	-0.353409
58.5421	-0.65396
53.0334	-1.35374
187.343	-1.61812
193.125	-1.89516
166.826	-2.09202
171.42	-2.11274
140.353	-2.17521
110.434	-1.82144
115.127	-1.86587
115.691	-1.83718
103.127	-1.87601
106.136	-1.76555
110.418	-1.76292
108.052	-1.75234
103.312	-1.72829
95.3489	-1.86505
83.4338	-1.96675
82.3553	-1.80515
86.245	-1.52832
65.0569	-1.73076
58.2285	-1.72083
123.027	-1.14808
433.386	-1.01188
848.6	-1.02731
1085.06	-0.975301
1289.64	-0.788358
977.632	-1.12215
732.651	-1.33629
595.406	-1.42832
436.888	-1.57658
229.9	-1.52679
54.9096	-1.58109
34.2638	-1.3516
35.7337	-1.3299
29.7993	-1.29807
29.0484	-1.24203
69.7422	0.0430087
85.7886	-0.0315422
162.555	0.64547
156.209	0.608994
121.868	0.504951
89.3554	0.315046
84.3932	-0.0472737
72.9528	-0.365871
87.441	-1.44417
247.342	-1.79113
323.936	-1.758
475.165	-1.57848
531.424	-1.73521
542.603	-1.85748
587.954	-1.64765
432.608	-1.55393
89.0659	-1.6983
29.5948	-1.65227
29.7653	-1.43129
22.9968	-1.29589
59.1356	-0.545022
148.644	-0.414839
111.702	-0.929985
37.4394	-1.18341
139.112	-1.37036
416.508	-1.4797
313.013	-2.05023
289.591	-2.04396
226.014	-1.99341
137.686	-2.06534
90.1236	-1.95152
105.274	-1.9338
103.925	-2.07782
110.174	-1.99949
103.567	-2.11943
116.099	-1.99126
125.545	-1.79572
135.866	-1.42437
171.49	-0.989055
220.196	-0.724868
263.266	-0.525865
285.007	-0.50739
262.335	-0.758332
254.676	-1.05226
224.087	-1.36807
198.078	-1.62568
188.396	-1.7646
188.154	-1.84816
204.562	-1.78828
198.057	-1.81176
155.497	-1.82474
150.226	-1.68372
160.96	-1.58227
156.274	-1.68765
152.716	-1.78392
169.323	-1.6673
192.273	-1.88404
270.95	-2.0345
415.716	-1.95664
518.344	-1.88411
568.743	-1.8039
526.545	-1.89698
483.726	-1.96229
405.108	-2.09169
255.312	-2.27981
161.598	-2.08715
124.852	-2.17646
98.7227	-2.21479
77.1324	-2.11963
52.6224	-2.08289
42.7571	-1.87204
32.6209	-1.61368
23.6169	-1.55037
21.4849	-1.26829
20.1918	-1.07861
20.6691	-1.03331
31.8273	-0.690169
56.0517	-0.673406
76.8806	-0.437969
64.6918	-0.270211
214.518	-0.335459
328.193	-0.61278
352.978	-1.15353
421.592	-0.974088
413.789	-0.898144
373.525	-0.916484
337.25	-0.98405
280.251	-1.08238
197.122	-1.2644
140.975	-1.03662
153.297	-0.911153
149.279	-0.611022
165.826	-0.563978
175.06	0.131365
142.089	0.169986
138.405	0.0596555
136.338	0.227423
105.461	0.00664367
98.7788	-0.383119
86.6699	-0.722195
82.1907	-1.44254
237.421	-1.94923
288.194	-1.92703
309.257	-2.01783
373.577	-1.96057
364.699	-2.15362
359.916	-2.10275
293.383	-2.12201
231.132	-1.83649
145.437	-1.77563
85.6689	-1.5902
84.2574	-0.551153
95.383	0.030341
98.0828	0.670239
114.426	0.9282
126.729	1.05201
118.78	1.08963
143.765	1.18384
137.101	1.13132
121.669	0.806235
92.2719	0.395838
67.1231	-0.218374
42.9131	-0.728951
180.501	-1.30106
396.064	-1.65381
387.053	-1.83123
378.184	-2.20888
397.558	-2.17546
368.139	-2.09278
347.282	-1.78752
303.171	-1.63189
240.963	-1.55614
146.534	-1.57223
56.5384	-1.54649
28.0768	-1.54981
26.182	-1.26834
25.6777	-1.20674
24.8946	-1.05158
28.9782	-1.0585
22.9182	-1.08067
26.9471	-1.29308
66.3025	-1.91114
73.0735	-2.09221
88.7358	-2.15095
94.734	-2.2369
91.6058	-2.16703
90.4662	-2.13473
77.2931	-2.1129
72.2558	-2.02309
67.7525	-1.97065
60.3135	-2.09392
56.7742	-2.01497
50.931	-2.00809
46.6079	-1.90796
42.7477	-1.99327
48.7389	-1.70637
107.342	-1.55055
203.467	-1.27636
247.085	-1.27659
266.681	-1.35196
245.293	-1.15357
235.027	-0.783713
321.273	-1.05664
349.737	-1.46916
381.736	-1.51086
427.211	-1.4167
450.6	-1.34772
467.739	-1.33019
441.734	-1.31791
323.947	-1.37486
124.256	-1.65107
121.167	-1.60083
132.815	-1.64513
146.033	-1.37367
148.578	-1.42775
126.224	-1.66537
91.1264	-1.76848
80.5248	-1.69824
65.0965	-1.44338
46.2556	-1.52875
36.2397	-1.52347
50.8084	-0.836524
52.489	-0.210655
57.0084	0.129514
47.068	0.410283
56.9952	0.511004
59.6753	0.597386
57.4601	0.580659
53.3635	0.594073
55.8244	0.437833
55.8211	0.641825
56.056	0.6739
55.5265	0.67866
25.4836	-0.933514
17.0765	-0.564179
16.8712	-0.650559
18.1124	-0.519655
20.6142	-0.676493
20.3057	-0.599168
20.4908	-0.702171
20.8893	-0.767533
25.8207	-0.795902
31.2051	-0.949357
30.6334	-1.13349
26.5148	-1.47877
69.9256	-1.99306
173.973	-2.21946
242.194	-2.19886
281.024	-2.10359
237.266	-2.23367
177.645	-1.93228
120.584	-1.97068
118.414	-2.04885
118.566	-1.97913
129.645	-2.03534
149.478	-2.00693
300.198	-2.17043
301.244	-2.64254
368.025	-2.60692
536.148	-2.15233
548.486	-2.20266
476.182	-2.48189
472.801	-2.35205
451.652	-2.23537
310.22	-2.42927
226.94	-2.53132
204.723	-2.4973
203.409	-2.21592
168.058	-2.22913
135.359	-2.16191
94.8505	-2.10422
63.1223	-1.5549
101.945	-0.633991
106.375	-0.228892
93.7358	-0.582169
87.846	-0.480652
88.8849	-0.260587
79.348	-0.443742
84.859	-1.67891
275.481	-2.05161
336.187	-2.07662
374.649	-1.90309
418.649	-1.79675
405.593	-2.00528
444.361	-2.05319
446.318	-2.0578
521.98	-1.94723
690.517	-1.64217
843.175	-1.46114
1055.79	-1.18748
1155.98	-0.981275
1094.68	-0.816744
717.844	-0.929391
304.172	-1.40296
118.434	-2.07383
125.867	-1.9542
129.687	-1.97098
102.575	-2.08811
98.5859	-1.74197
80.134	-1.77071
57.3912	-1.75878
45.9968	-1.52626
71.0572	-0.435187
70.808	-0.0747741
99.3521	0.143263
149.956	0.445764
164.223	0.663661
166.597	0.856044
193.693	1.02932
203.061	0.610667
127.672	0.236067
90.6908	0.261308
39.9596	0.0828197
29.4198	-0.398125
29.6799	-0.487609
45.2815	-0.432161
73.6505	-0.451216
235.656	-1.07177
471.634	-0.863288
547.907	-0.897067
620.664	-0.914397
551.883	-1.1892
440.743	-1.03873
242.83	0.0917187
267.572	-0.85875
685.619	-1.26082
1262.62	-1.13088
1646.38	-1.20669
1693.63	-1.09708
1644.06	-1.20287
1502.15	-1.28004
1399.26	-1.29404
1115.78	-1.47427
742.195	-1.88508
599.201	-1.92389
536.554	-1.66133
441.863	-1.62669
319.429	-1.64125
114.351	-1.70274
46.1603	-1.52585
40.7445	-1.27467
34.3481	-1.25532
32.1346	-1.26039
34.2013	-1.02648
106.945	-0.822517
144.16	-0.831823
89.442	-1.65489
552.834	-1.88455
778.105	-1.79603
828.833	-1.88117
601.749	-2.0707
301.271	-1.93838
88.8571	-2.02657
108.086	-1.96674
83.6532	-1.87689
40.6212	-1.39279
34.8696	-1.38481
29.194	-1.30453
63.5384	-0.992576
55.0537	-0.914867
171.488	-0.607559
142.98	-0.991942
82.966	-1.24728
313.111	-2.26331
629.24	-1.97244
710.967	-1.8029
572.15	-1.88907
269.669	-2.02264
166.243	-2.15049
198.9	-2.01703
212.971	-1.9583
204.432	-2.05949
293.497	-1.96781
353.165	-2.02828
709.261	-1.685
884.035	-1.65424
1099.68	-1.50986
1240.04	-1.47601
1230.82	-1.47468
1126.94	-1.56334
806.304	-1.81618
517.111	-1.75977
93.594	-1.80381
48.8229	-1.79334
45.6405	-1.73087
38.7663	-1.60607
31.9193	-1.27602
53.6823	-0.717897
154.862	-0.46682
214.742	-0.464674
234.054	-0.753349
482.576	-0.574888
645.157	-0.213125
651.68	-0.102869
489.43	-0.205857
187.255	-0.659505
67.188	-1.11825
45.0492	-1.50683
40.6229	-1.46707
34.4845	-1.57819
35.4209	-1.63226
34.7566	-1.43806
35.5412	-1.44255
42.1586	-1.33448
37.3554	-1.43623
41.5301	-1.36072
86.3848	-0.877066
307.565	-0.784718
255.513	-1.38218
504.591	-1.6501
537.766	-2.10591
592.228	-1.99074
594.607	-1.97763
545.007	-2.06792
317.864	-2.19022
115.668	-2.0383
48.2349	-1.94438
33.1824	-1.5986
56.5059	-1.36449
34.0865	-1.29985
25.2884	-1.08692
24.2611	-1.09471
25.37	-0.535238
86.334	-0.310852
88.9775	-0.439375
38.9569	-0.931523
33.7683	-1.11358
29.2907	-1.38171
40.2223	-1.62517
110.99	-2.16976
127.255	-2.17818
121.826	-1.81389
95.1538	-1.95905
109.092	-1.80237
101.413	-1.97702
107.723	-1.97859
115.015	-1.96595
136.862	-1.71817
123.333	-1.84367
107.905	-1.88919
103.355	-1.87876
97.9239	-1.94383
94.249	-1.971
95.0189	-1.918
140.447	-1.66654
379.558	-1.69178
584.078	-1.56783
600.595	-1.69572
537.977	-1.9893
461.128	-2.15529
471.62	-2.10063
586.93	-1.69913
599.247	-1.61125
430.557	-1.46036
216.789	-1.37422
346.383	-1.37511
460.254	-1.59793
595.881	-1.6081
650.258	-1.53714
635.436	-1.44045
529.003	-1.63939
413.388	-1.82049
319.764	-1.81131
256.741	-1.63306
160.739	-1.56867
116.858	-1.04026
123.779	-0.291136
116.62	0.522651
104.037	0.686993
131.512	0.936472
164.695	0.733324
177.925	0.562599
133.519	0.667318
98.6777	0.335693
86.3072	-0.656906
141.714	-1.85234
321.347	-1.79456
370.681	-1.75283
421.686	-1.86493
464.438	-2.03228
451.3	-1.92794
270.015	-1.96213
75.3357	-1.47122
50.3022	-1.16107
308.65	-0.36271
269.123	-0.494906
60.033	-1.02847
70.6546	-1.24698
145.815	-1.74123
291.524	-1.98712
452.301	-1.80862
595.927	-1.70211
647.958	-1.64913
667.555	-1.78019
587.791	-1.99606
530.195	-1.98317
478.183	-1.94668
432.284	-1.93314
377.138	-1.96432
318.438	-2.04707
262.567	-2.06158
160.461	-2.06083
169.812	-1.94499
77.8053	-1.95375
115.237	-1.86672
58.8992	-1.7324
89.8982	-1.78007
48.7293	-1.92643
57.7053	-1.887
46.9006	-1.72231
41.2884	-1.64388
40.0632	-1.70662
32.5896	-1.61513
28.419	-1.35494
23.7223	-1.25682
24.7594	-1.0252
22.2341	-0.83673
34.1401	-0.393607
93.6262	-0.040311
22.9199	-0.678753
21.9809	-0.843929
20.1398	-0.716686
18.3819	-0.600452
18.2714	-0.745675
20.2526	-0.702742
19.7562	-0.380947
19.3724	-0.57061
17.8692	-0.577718
11.1017	-0.612506
15.2641	-0.5099
14.5085	-0.770895
15.6676	-0.526241
14.9917	-0.463298
12.5073	-0.448175
14.6665	-0.484447
13.022	-0.503223
13.1973	-0.510863
12.7988	-0.483774
16.6243	-0.858307
31.6743	-1.83559
97.5053	-1.9844
128.124	-2.0309
140.248	-1.94947
165.087	-1.80036
177.262	-1.72555
165.831	-1.50456
159.008	-1.57166
151.073	-1.61115
138.746	-1.63621
153.106	-1.61499
152.563	-1.58237
149.043	-1.56761
138.248	-1.62162
129.688	-1.61618
137.675	-1.64169
227.731	-1.65541
146.234	-2.16077
149.744	-2.14821
166.773	-1.96671
162.832	-1.86483
140.516	-1.30146
173.474	-0.29967
138.328	0.186095
169.615	0.550197
169.966	0.781046
152.96	0.712224
175.819	0.531114
144.057	0.389047
122.794	0.303295
95.7659	0.0674889
105.796	-0.491195
353.197	-1.2614
567.169	-2.01867
782.653	-1.70989
1045.42	-1.58362
1368.61	-1.25453
1725.73	-0.845824
1661.16	-0.615663
1491.59	-0.311302
1136.64	-0.0760008
720.863	0.0923154
308.91	-0.0666496
88.8983	-1.41952
77.5568	-1.60202
89.1177	-1.37272
62.463	-1.63335
47.4153	-1.42588
41.8416	-1.30387
41.6065	-1.27584
35.448	-1.17155
30.9883	-1.45744
124.911	-0.819489
279.853	-0.92084
460.274	-1.53742
693.782	-1.77049
636.561	-1.93659
536.339	-2.02628
443.034	-2.04669
556.756	-1.86214
700.189	-1.64724
783.92	-1.51431
893.908	-1.49139
864.883	-1.45882
652.296	-1.63412
502.85	-1.71626
336.064	-1.68821
139.154	-1.67317
47.4347	-1.90109
28.1181	-1.58993
25.1188	-1.42206
32.234	-1.5427
43.7778	-1.59281
26.8181	-1.34816
29.926	-1.41441
25.647	-1.46935
24.8581	-1.50798
70.3435	-1.76226
206.817	-1.75924
124.218	-2.03975
104.158	-2.05775
170.372	-1.95607
164.701	-2.03306
174.465	-1.98753
173.798	-1.85158
194.602	-1.78414
206.627	-1.74431
181.994	-1.85822
110.158	-1.68915
94.3804	-1.82147
112.425	-1.67263
109.881	-1.78601
120.914	-1.843
122.918	-1.91117
166.659	-1.50381
268.598	-1.4315
254.357	-2.11986
264.36	-2.0044
261.272	-2.05468
272.319	-2.01336
273.716	-1.88963
130.276	-2.15406
68.0553	-1.75143
61.6943	-0.630177
74.2421	-0.0488056
83.5652	0.38853
94.6054	0.610442
97.3932	0.790862
105.362	1.02882
104.497	0.959089
99.3733	0.773769
90.903	0.563849
61.7342	0.0316726
41.8361	-0.647318
230.68	-1.21904
271.722	-1.64374
299.512	-1.79901
319.346	-1.77035
307.497	-1.88644
326.327	-1.77263
377.655	-1.71865
450.7	-1.65812
532.535	-1.60056
551.33	-1.75505
584.583	-1.83817
545.19	-1.93285
534.86	-1.90787
468.713	-1.94192
391.075	-1.9456
325.016	-1.95765
251.517	-1.99134
182.941	-1.2839
149.815	-0.568393
222.501	-1.24649
172.088	-1.90361
135.632	-1.60842
80.0667	-1.73137
106.447	-2.07123
120.867	-2.07428
115.403	-2.21269
136.41	-1.9484
144.38	-1.86355
170.459	-1.68643
152.43	-1.49492
112.16	-1.33781
122.839	-0.989596
121.155	-0.576291
129.988	-0.140727
144.21	0.168652
126.623	0.252953
146.262	0.0975342
142.321	0.10596
133.597	0.0643034
140.617	-0.109035
157.209	-0.39561
159.687	-0.514942
165.061	-0.75267
237.296	-0.719483
274.82	-0.777101
307.751	-0.891804
336.963	-0.950844
326.564	-1.25956
383.652	-1.25487
484.252	-1.06176
315.059	-1.13822
366.239	-1.04157
142.638	-1.40567
199.351	-1.05892
93.8999	-1.34855
58.7131	-1.38208
40.9189	-1.30799
28.1507	-1.13032
25.1914	-1.06786
19.2339	-0.825804
17.0432	-0.575397
16.0697	-0.777449
15.369	-0.936969
15.4332	-0.782573
15.547	-0.738207
13.2272	-0.593807
16.1465	-0.513658
13.9425	-0.590182
16.5596	-0.606394
14.4681	-0.590715
12.7308	-0.752937
19.9872	-0.508469
20.4905	-0.648257
20.8695	-0.526295
20.2275	-0.486439
17.5528	-0.515363
18.929	-0.40872
19.6295	-0.538712
19.6278	-0.699955
16.5673	-0.525461
18.2719	-0.625479
17.0074	-0.699366
52.9651	-1.30199
170.049	-1.1624
48.1962	-0.888972
40.2298	-1.12888
78.4498	-1.40821
491.58	-1.31676
598.162	-0.985647
330.525	-1.29559
222.222	-1.33933
167.826	-0.903447
155.537	-0.269327
150.923	0.172368
144.942	0.544219
149.22	0.438361
158.035	0.591311
136.974	0.473355
122.913	0.305506
94.207	-0.124368
192.914	-1.2337
339.823	-1.28447
411.745	-1.37687
423.407	-1.46447
430.528	-1.40169
379.328	-1.5666
290.272	-1.67502
240.754	-1.60054
141.186	-1.7486
103.456	-2.02337
100.528	-2.02873
103.685	-2.08544
93.2661	-2.05937
88.8138	-2.07303
78.4878	-1.9565
75.8803	-1.8582
63.5875	-1.9706
57.4503	-1.83262
203.616	-0.877114
190.797	-0.911941
226.993	-0.624359
333.127	-0.949693
483.191	-1.23414
627.733	-1.3623
735.876	-1.42817
773.944	-1.53348
835.565	-1.57861
840.615	-1.59027
768.766	-1.59807
633.625	-1.72463
543.935	-1.67951
349.301	-1.82577
172.19	-1.84895
66.9625	-1.94379
40.3164	-1.7478
39.2336	-1.63697
32.2976	-1.30381
34.7023	-1.0854
89.1908	-1.39933
183.903	-1.64351
307.051	-1.48575
375.469	-1.43699
364.904	-1.48439
331.134	-1.56176
288.251	-1.67929
219.338	-1.86689
167.826	-2.03795
149.066	-2.10937
136.516	-2.0545
118.742	-1.99793
114.835	-1.85044
83.3337	-2.01957
62.0648	-1.91559
41.172	-1.65681
34.1958	-1.25764
24.8428	-1.15238
25.4714	-0.864723
214.109	0.0232831
192.287	-0.164966
127.187	-0.221835
245.308	-1.39995
488.625	-1.17935
492.813	-1.25881
432.838	-1.60089
315.231	-1.88125
171.101	-1.97793
106.135	-1.95325
108.754	-2.05433
111.935	-2.14114
126.242	-2.06317
125.669	-2.12017
133.222	-2.06805
141.391	-2.03951
162.813	-2.09608
259.036	-2.09252
336.027	-2.0015
398.484	-1.85317
437.48	-1.83877
459.76	-1.67432
485.658	-1.43997
526.7	-1.14894
522.523	-1.00457
505.362	-0.802205
447.671	-0.563966
454.11	-0.438995
521.814	-0.0580414
526.11	0.0441049
556.67	0.0635751
599.311	0.120539
617.019	0.122847
683.328	0.0517998
625.959	-0.120097
672.641	-0.249562
584.012	-0.737846
619.016	-1.10375
734.08	-1.18896
869.39	-1.20096
780.784	-1.39777
649.915	-1.61682
377.491	-2.03206
136.741	-2.29373
100.97	-2.03254
89.7692	-1.97563
73.897	-1.93598
62.3816	-2.00192
56.4657	-1.83126
51.0171	-1.73322
47.4317	-1.5638
38.6477	-1.50479
35.9517	-1.38013
29.4201	-1.20223
25.1652	-1.16334
21.1542	-1.19849
20.6453	-0.858327
22.2326	-0.851206
18.8071	-0.749464
35.5672	-0.822143
89.951	-1.08313
419.488	-1.96159
650.504	-1.85357
914.096	-1.70568
881.187	-1.89486
1071.79	-1.57432
933.524	-1.71796
660.876	-1.96634
309.605	-2.21779
63.4188	-1.58389
37.174	-1.64379
33.5889	-1.41177
29.7741	-1.29476
30.1494	-1.0754
30.7234	-0.962772
95.5787	0.177322
92.3126	0.749532
128.137	0.824082
172.575	0.406808
207.857	0.55508
111.539	0.2991
83.3732	0.242154
54.1606	-0.101594
37.3018	-0.232142
35.7122	-0.483901
32.3082	-0.465037
42.1808	-0.38208
45.5331	-0.44951
45.1727	-0.708452
74.8066	-1.33047
150.366	-1.65873
201.292	-1.45103
222.362	-1.52441
262.988	-1.35005
248.063	-1.11191
159.311	-0.910872
138.767	-0.212554
168.304	0.392686
169.483	0.553768
152.149	0.687566
154.544	1.0742
183.175	1.08759
172.265	1.01063
145.512	0.779493
131.611	0.689329
101.978	0.342648
106.547	-0.27191
303.816	-0.751674
356.475	-0.744942
383.606	-0.738578
431.979	-0.688468
450.058	-0.741415
345.888	-1.15414
311.256	-1.40832
286.622	-1.53874
163.694	-1.88298
58.3294	-1.74784
49.3829	-1.67775
41.8065	-1.81713
44.0226	-1.68287
45.1794	-1.64669
42.0947	-1.54558
34.7222	-1.53263
37.313	-1.51314
104.49	-1.17402
202.201	-1.34215
255.826	-1.96253
238.9	-1.90663
212.331	-1.93459
210.418	-1.77825
177.165	-1.56736
127.246	-1.54056
122.241	-1.45458
212.147	-1.30307
225.665	-1.73082
327.583	-1.80495
204.587	-1.57007
230.153	-1.66818
137.382	-1.84431
103.99	-1.84659
93.1659	-1.76099
91.2185	-1.79408
94.2229	-1.56837
101.985	-1.55726
61.1404	-1.37556
54.057	-1.52919
43.6534	-1.24292
67.6687	-0.274765
73.983	0.165923
86.3793	0.426837
102.911	0.648299
97.4629	0.807004
97.7393	1.21363
88.6214	1.07379
92.4327	0.71275
102.785	0.864461
105.023	0.943596
117.338	0.853368
120.883	0.725022
98.6929	0.54656
85.6118	0.610359
60.7067	0.51376
48.073	0.0611196
39.1647	0.0670164
37.7262	-0.179294
32.9979	-0.383006
28.4946	-0.626156
22.9586	-0.635396
23.2917	-0.645057
22.2545	-0.635303
22.7825	-0.608545
20.9151	-0.876962
20.5953	-0.633197
12.7706	-0.716283
17.4693	-0.490515
19.3868	-0.496163
21.4964	-0.550854
19.6505	-0.440601
22.6597	-0.549451
18.7375	-0.532898
18.6285	-0.494662
18.7574	-0.459685
21.5492	-0.67642
19.4433	-0.59957
18.5769	-0.476719
17.8059	-0.578276
19.0847	-0.48919
20.9877	-0.512238
20.569	-0.53716
22.1787	-0.344702
20.9384	-0.541969
23.4788	-0.674977
19.4085	-0.665718
20.5987	-0.650464
24.7255	-1.00497
20.2908	-0.616864
33.0633	-0.421245
36.0463	-0.523358
30.7114	-0.847971
21.815	-0.822938
29.2938	-0.710433
199.173	-0.00163621
417.523	0.150625
436.597	-0.0575142
523.269	0.175323
500.933	-0.115207
487.452	-0.101781
440.527	-0.114869
345.399	-0.214473
227.483	-0.262728
120.614	-0.245164
50.9633	-0.785166
33.7136	-0.854661
29.4231	-0.958201
25.3604	-0.845913
27.0876	-0.654271
23.615	-0.71637
226.415	0.452843
402.245	0.37584
131.753	-0.158448
659.575	-0.297714
852.447	-0.593683
850.846	-0.818688
944.789	-0.994253
982.244	-1.10018
976.21	-1.18843
955.905	-1.21412
852.357	-1.23787
794.378	-1.09456
684.779	-0.994532
530.807	-0.890754
414.382	-0.791583
283.584	-0.931823
198.534	-1.44512
134.116	-1.93818
134.496	-1.92256
134.582	-1.80896
124.844	-1.85308
139.6	-1.49618
203.835	-0.848794
411.084	-0.57513
668.286	-0.727629
766.65	-1.00844
536.587	-1.24208
340.784	-1.09031
529.024	-1.27219
727.141	-1.3154
854.136	-1.35725
806.878	-1.43826
687.446	-1.40385
491.748	-1.50792
235.619	-1.83663
131.382	-1.6615
116.767	-1.0086
135.941	-0.486283
107.708	-0.163386
120.234	0.0194169
109.649	0.222282
94.2026	0.137221
72.2854	-0.251308
67.9436	-0.539163
77.9231	-1.03763
209.258	-2.16442
463.483	-2.01209
579.038	-1.95717
670.82	-2.06049
716.977	-2.04645
576.289	-2.13426
319.35	-2.03339
100.26	-2.01847
94.8964	-1.69959
79.495	-1.96021
107.32	-1.80416
120.264	-1.81154
136.902	-1.9773
144.318	-2.11783
160.211	-2.03267
169.519	-1.94316
160.001	-2.14327
176.715	-2.0642
202.241	-2.00641
339.461	-1.62398
689.096	-1.42257
717.235	-1.22847
626.512	-1.15065
492.65	-1.15739
286.758	-1.36275
135.189	-1.77064
102.422	-1.988
82.9161	-2.14175
72.2054	-2.00556
60.865	-1.99071
49.1732	-1.8181
57.1893	-1.15595
132.431	-0.158427
72.2013	-0.000273983
101.907	0.44179
121.989	0.524484
124.199	0.257363
120.036	-0.127384
97.3376	-0.595356
96.0126	-1.18909
244.2	-1.7386
446.128	-1.66442
562.673	-1.70985
582.55	-1.83863
602.923	-1.81155
563.112	-1.82238
718.341	-1.5998
749.611	-1.55118
740.139	-1.60026
642.902	-1.82853
646.742	-1.97273
731.656	-1.90284
803.338	-1.80676
692.324	-1.98873
500.796	-2.26143
399.661	-2.21381
355.193	-1.61699
317.74	-0.82106
228.526	-0.0625861
159.996	0.507491
136.346	0.570103
130.871	0.941999
129.052	0.646322
132.527	0.491873
133.581	0.645666
120.686	0.63872
108.18	0.298766
59.0677	-0.444412
55.8547	-1.27342
317.251	-1.58166
427.102	-1.86175
354.717	-2.26746
396.781	-2.18411
261.976	-2.16249
176.788	-2.03414
158.666	-2.19581
144.055	-2.19965
127.479	-2.17182
106.212	-2.15183
90.0543	-2.04997
77.9331	-1.92211
58.9731	-1.82204
45.9612	-1.70547
34.463	-1.56881
29.4646	-1.21336
25.657	-0.982919
82.0555	-0.161773
295.79	-0.0507213
178.482	-0.724932
147.286	-0.69648
141.355	-1.10372
259.7	-1.31438
114.414	-0.887584
241.489	-1.30296
536.061	-1.11904
619.449	-1.27828
616.92	-1.40884
584.006	-1.44201
540.984	-1.4956
501.269	-1.41614
442.001	-1.38513
372.558	-1.47952
316.24	-1.5846
256.177	-1.65615
181.134	-1.79934
75.9203	-2.05984
61.0804	-1.85716
66.8457	-1.7234
60.5513	-1.95754
65.3026	-1.77264
56.8851	-1.93066
63.4441	-1.92517
91.5742	-1.52466
119.333	-1.10722
98.4185	-0.801038
97.0507	-0.692132
91.533	-0.79701
93.5888	-0.702696
101.992	-0.681129
75.7016	-0.759909
65.0106	-0.998411
51.3071	-1.0862
59.1539	-0.659388
65.0538	-0.0432587
81.8862	0.370714
88.9485	0.405664
94.7771	0.340857
92.6073	0.409208
84.9129	0.233959
101.773	0.145941
98.7889	0.22226
104.919	0.14166
94.4586	0.237474
78.9434	0.188495
76.4688	0.156169
73.5719	0.0477961
63.9353	-0.145966
40.6656	-0.269154
31.1838	-0.41808
27.2834	-0.752834
27.6154	-0.78293
24.0877	-0.853695
22.0702	-0.85258
22.7989	-0.784407
24.1835	-0.775497
22.4248	-0.831864
23.3622	-0.967703
23.7148	-0.854216
21.7388	-0.664114
18.8166	-0.693157
21.1764	-0.744612
15.9463	-0.718611
16.2898	-0.736446
16.9506	-0.510812
19.8503	-0.672216
17.883	-0.630627
17.8492	-0.468197
17.2926	-0.712982
16.8077	-0.526226
21.1183	-0.7753
24.2833	-0.368609
32.7681	0.114286
44.6327	0.201917
58.2426	0.235553
79.7907	0.417111
88.4235	0.611315
87.2739	0.539594
77.1184	0.48683
81.5922	0.337581
207.817	-0.211803
369.739	-0.440975
339.728	-0.741315
392.295	-0.54091
354.133	-0.435735
234.544	-0.682018
151.179	-0.540903
152.723	-0.374097
136.643	-0.0457463
143.136	0.324603
136.412	0.479174
156.719	0.560619
139.064	0.621457
140.503	0.686824
123.15	0.4066
142.884	0.247275
132.413	0.0634617
78.5029	-0.289439
90.8958	-0.986678
548.105	-1.36694
639.839	-1.82137
824.771	-1.75849
1105.59	-1.59453
1523.62	-1.27694
1578.87	-1.30086
1742.43	-1.2118
1799.53	-1.19832
1627.8	-1.31136
1585.34	-1.34447
1548.09	-1.34538
1512.5	-1.29627
1539.11	-1.22066
1485.23	-1.18104
1316.03	-1.09409
1035.38	-1.03109
680.749	-1.09924
302.625	-1.49124
230.183	-1.60543
185.25	-1.66913
148.195	-1.7635
116.528	-1.89611
92.2138	-2.02204
78.1406	-2.03731
75.3617	-1.83083
54.7267	-1.73767
45.6749	-1.78686
34.7987	-1.45473
129.999	-0.149143
97.0658	0.0170984
99.6582	0.852417
116.137	0.996608
125.443	0.955948
123.784	0.859131
104.76	0.824341
92.1433	0.809665
64.2327	0.32724
42.514	-0.557376
39.5395	-1.55386
23.5748	-0.840277
21.6265	-0.737854
22.3047	-0.581507
21.1237	-0.519151
18.6211	-0.636024
18.2425	-0.720809
17.4994	-0.546754
17.4564	-0.567197
19.9413	-0.684143
24.1392	-1.29402
22.8033	-1.04499
53.6521	-1.85347
151.739	-2.11963
163.896	-2.10311
176.107	-2.06047
159.441	-2.05598
142.587	-2.11592
126.658	-1.9878
131.91	-1.85329
128.306	-1.90905
119.648	-1.95264
113.771	-2.0278
115.969	-1.9126
111.119	-1.88441
90.2092	-2.03472
85.7035	-2.10773
89.6124	-2.13496
101.163	-2.00332
98.5637	-2.11176
109.276	-2.07052
142.147	-1.83466
321.15	-1.66278
541.12	-1.39558
623.444	-1.13447
717.874	-1.00357
759.426	-0.921288
824.625	-0.877088
832.978	-0.843436
808.616	-0.846146
776.804	-0.886168
733.267	-0.967018
645.956	-1.08811
504.31	-1.34046
374.836	-1.54668
219.686	-1.9432
166.197	-1.75478
133.218	-1.66902
93.7761	-1.75087
77.8941	-1.44403
64.5464	-0.793295
83.3186	-0.336836
102.172	0.140166
88.793	0.408799
80.577	0.158759
71.2421	0.335987
57.7946	0.168218
62.4865	0.229798
52.3815	0.243967
51.6554	0.352624
42.738	0.114417
28.8991	-0.613969
17.4703	-0.820881
17.6886	-0.519918
18.5807	-0.544891
17.9106	-0.566886
18.4911	-0.418853
17.6989	-0.484005
18.3349	-0.509532
16.0047	-0.703721
17.9807	-0.452801
31.5542	-0.675906
60.6158	-0.797731
39.8962	-0.420272
43.8025	-0.78604
203.68	-0.824222
362.449	-1.37244
236.358	-1.80686
147.635	-1.92783
87.1926	-1.928
60.2746	-2.25357
54.4703	-2.35686
48.3517	-2.06994
46.0261	-2.04752
56.3425	-1.88764
74.9522	-1.6438
121.129	-1.59271
197.355	-1.40539
325.841	-1.29327
515.684	-0.931115
621.27	-0.688584
669.367	-0.486274
632.817	-0.32793
423.908	-0.413016
105.74	-0.645279
39.87	-1.41038
38.7205	-1.60358
34.6757	-1.57727
32.9688	-1.39279
38.167	-1.35289
33.4407	-1.51899
29.7197	-1.53938
27.6564	-1.44631
29.0261	-1.33091
62.3178	-0.942661
194.526	-0.655481
264.703	-0.513341
261.114	-0.477374
449.647	-0.105526
435.647	-0.23501
508.587	-0.0849646
517.495	0.0381709
483.899	0.0033806
479.941	-0.0431096
465.134	-0.0136539
459.855	0.0458189
434.052	0.0608969
427.803	-0.0214134
410.797	-0.11804
434.781	-0.276219
497.97	-0.386411
534.118	-0.561297
534.845	-0.727127
530.482	-0.929246
464.096	-1.06588
361.452	-1.32388
350.528	-1.40164
246.796	-1.81607
227.246	-1.59021
248.583	-1.48715
156.548	-1.72856
113.918	-1.93287
127.024	-1.64145
70.2911	-1.52926
45.0329	-1.41587
54.4529	-0.711517
59.9924	-0.246579
65.6514	0.0246805
60.8951	-0.026938
52.9317	0.21133
50.6239	0.295873
54.3347	0.32802
50.8193	0.385322
48.2902	0.383168
59.1299	0.320782
57.599	0.0727519
69.382	-0.312962
52.7239	0.300476
39.2796	0.0634797
31.5743	0.193282
28.4593	0.31478
24.9475	-0.0676086
23.3594	-0.372369
20.6013	-0.452344
19.1098	-0.521604
19.1513	-0.761963
18.103	-0.539676
19.559	-0.621991
19.592	-0.511125
17.0457	-0.521369
18.8046	-0.56553
28.6701	-0.476526
31.6107	-0.403547
42.872	0.0164781
66.3429	0.0961452
88.004	0.00892287
148.906	0.193409
187.241	0.353039
161.234	0.17123
118.951	-0.522361
990.8	-0.628681
1068.29	-0.925092
1054.87	-0.802566
1079.8	-0.731229
1066.06	-0.657543
1046.31	-0.554971
926.558	-0.629438
884.932	-0.670634
904.627	-0.714377
1021.94	-0.753312
1204.69	-0.760212
1325.84	-0.759757
1297.05	-0.88302
1121.35	-1.06174
793.877	-1.37507
532.701	-1.63772
336.698	-1.94471
220.541	-2.25823
200.055	-2.1526
174.735	-2.24053
172.259	-2.17642
154.174	-2.18344
131.011	-2.22408
205.177	-1.75596
508.31	-1.41851
760.809	-1.5312
913.422	-1.56556
655.161	-1.7984
242.753	-1.87467
380.524	-1.85055
591.72	-1.8376
902.309	-1.63907
1034.01	-1.5824
1059.05	-1.54068
948.201	-1.62624
711.476	-1.8616
451.456	-2.15442
202.051	-1.98494
162.257	-2.00141
130.249	-1.99938
103.248	-2.10041
81.8269	-2.04008
66.4047	-1.95391
49.5458	-1.9423
71.3631	-0.96613
142.083	-0.47005
69.7789	0.0174701
90.2537	0.260288
95.6801	0.423992
116.394	0.390546
104.539	0.102095
66.861	-0.100145
47.7016	-0.844944
59.2529	-1.0443
213.812	-1.38972
623.918	-1.78562
639.907	-1.86546
1020.5	-1.51476
1028.08	-1.56299
1125.44	-1.47498
1158.52	-1.41151
1087.07	-1.46783
995.08	-1.51614
829.114	-1.61734
344.743	-1.90684
70.9741	-1.89937
42.9535	-1.60213
32.6942	-1.49962
31.5241	-1.25758
30.8089	-1.08
63.6922	-0.70653
97.298	-0.665306
416.134	-1.59514
666.072	-1.68687
845.353	-1.56184
804.403	-1.72663
955.274	-1.50942
761.441	-1.71979
602.135	-1.91426
365.684	-1.84249
63.5182	-1.91604
38.3752	-1.76213
43.392	-1.73909
36.8426	-1.70958
102.157	-0.430817
92.0224	-0.0886482
93.6736	0.333697
118.105	0.693614
126.627	0.182159
167.509	-0.298926
160.706	-0.993113
236.827	-1.50157
316.334	-1.65244
397.277	-1.61694
453.305	-1.53248
444.418	-1.68311
321.608	-1.8416
185.21	-1.58506
283.216	-1.56125
429.654	-1.73971
517.652	-1.86097
591.827	-1.79433
622.315	-1.72742
501.304	-2.08147
501.134	-1.99893
475.746	-2.02051
310.691	-1.93373
169.521	-1.63588
149.525	-1.69234
114.813	-1.8548
100.34	-1.77817
72.9308	-1.69084
48.0243	-1.70759
33.0798	-1.67451
29.7961	-1.37477
108.199	-0.363981
279.874	-0.256374
153.66	-0.685289
72.7019	-1.15568
82.794	-1.68481
445.913	-1.61999
431.468	-1.76185
461.776	-1.722
353.901	-1.79894
220.71	-1.77982
57.9001	-1.66812
32.9587	-1.28372
26.581	-1.39011
26.062	-1.2012
24.5646	-0.955973
102.892	-0.367682
374.022	-0.559258
304.15	-0.66024
92.2985	-1.24083
626.761	-1.52763
607.543	-1.91023
559.048	-2.06856
531.284	-2.00385
435.766	-1.99181
383.109	-2.14597
395.249	-2.07538
361.059	-2.04435
318.962	-2.04149
274.735	-2.0474
283.105	-1.80711
244.884	-1.70311
182.815	-1.65309
87.8729	-1.61284
44.8789	-1.67342
66.8887	-0.968625
61.5633	-0.958054
69.0707	-0.719248
247.573	-0.414269
270.25	-0.53855
349.697	-0.687841
386.224	-0.729748
313.889	-0.353003
302.168	-0.307195
317.786	-0.228046
273.3	-0.418789
290.912	-0.311841
315.105	-0.297723
339.125	-0.273594
298.433	-0.495793
306.343	-0.565293
401.772	-0.438125
486.183	-0.456918
512.009	-0.728815
226.572	-1.10615
256.808	-1.22439
209.453	-1.56972
207.185	-1.70719
190.264	-1.58751
158.212	-1.6806
104.427	-1.86195
67.279	-2.02107
81.0892	-1.82767
66.5703	-1.77288
43.6863	-1.49669
37.5003	-1.56191
37.5008	-1.27662
32.011	-1.11307
27.7349	-1.02956
23.5329	-0.873859
20.7981	-0.885004
19.9654	-0.863086
19.2803	-0.687667
20.1226	-0.821131
20.0455	-0.647802
20.3606	-0.540706
17.4339	-0.56102
17.18	-0.536936
18.2776	-0.427762
20.309	-0.72129
17.2618	-0.524113
27.0196	-0.0948037
16.4068	-0.56544
19.1057	-0.611355
18.903	-0.61447
18.3506	-0.454306
36.9387	-0.0792585
19.6189	-0.295166
15.6932	-0.396298
19.2082	-0.692141
17.7895	-0.769826
16.4677	-0.830266
19.4065	-0.812532
40.5658	-0.776554
116.428	-1.28349
182.02	-1.75821
312.707	-1.59454
320.01	-1.82397
546.923	-1.15133
762.223	-1.57231
798.587	-1.95197
926.152	-1.79536
943.53	-1.70982
685.803	-1.90001
506.052	-1.99168
330.435	-1.88622
180.101	-1.78374
137.404	-0.829645
158.894	-0.322974
186.497	0.158614
139.855	0.398735
139.317	0.411552
151.231	0.402459
144.366	0.288733
118.478	0.074053
189.108	-1.26527
547.62	-1.7476
614.311	-1.88122
748.951	-1.80115
684.088	-2.05263
534.299	-2.36012
441.419	-2.38789
361.338	-1.87633
300.778	-1.70512
257.924	-1.71185
289.161	-1.80463
281.168	-1.90078
129.545	-1.82688
33.431	-1.71057
31.2814	-1.47334
31.8357	-1.41559
71.7223	-0.910909
170.376	-0.315126
68.782	-1.01633
109.86	-1.70716
189.689	-1.82863
239.813	-1.98596
254.568	-2.10028
266.955	-2.00245
266.707	-2.03083
270.277	-1.98593
240.756	-2.25096
267.019	-2.27565
328.117	-2.21523
596.791	-1.70701
566.318	-1.96512
554.161	-2.08073
598.501	-2.07836
623.693	-2.04727
486.381	-2.40266
521.235	-2.02147
488.679	-1.93342
384.164	-1.90766
251.5	-1.93034
196.564	-1.17167
158.259	-0.479168
156.964	-0.128522
125.714	0.250176
143.417	0.400972
167.89	0.335711
125.798	0.0706736
139.774	-0.0732869
110.799	-0.303338
148.235	-1.43271
172.181	-1.91677
216.713	-1.74742
241.491	-1.82705
234.695	-2.07977
189.682	-2.0383
170.157	-1.33575
145.879	-1.02892
146.603	-1.15953
107.92	-1.0356
31.7321	-1.16011
23.7164	-1.09546
20.8886	-0.935825
22.162	-0.735879
20.7757	-0.882601
22.2364	-0.797062
23.6824	-0.631578
124.228	-0.784961
156.509	-0.716853
143.874	-1.17132
461.735	-1.63327
573.084	-1.53373
574.186	-1.57117
576.928	-1.52366
553.67	-1.4827
515.14	-1.34037
367.24	-1.23427
168.229	-1.13477
80.3173	-0.917237
88.8152	-0.397384
40.594	-0.722096
24.533	-1.05665
46.4951	-0.521799
71.6078	-0.191683
50.2989	0.316641
61.8846	0.235503
71.2276	0.57287
126.246	-0.597132
294.214	-1.42878
318.921	-1.51842
378.792	-1.54695
437.322	-1.57191
444.226	-1.79925
477.896	-1.82845
521.443	-1.80835
481.984	-1.90278
441.733	-1.81283
203.016	-1.78467
41.7138	-1.75197
32.6557	-1.50377
31.3891	-1.3934
25.6734	-1.07769
24.872	-0.950507
23.6574	-0.90586
34.5714	-1.01673
46.63	-1.18151
51.2394	-0.961758
62.8545	-1.36186
202.559	-1.91051
118.364	-1.87234
55.6041	-1.7455
136.266	-1.93304
323.845	-1.71221
497.277	-1.60424
552.124	-1.4366
506.673	-1.57355
486.329	-1.55418
522.47	-1.44155
458.707	-1.63088
462.483	-1.56415
394.6	-1.63961
335.42	-1.67887
188.613	-1.93208
110.458	-1.87338
94.111	-1.93472
95.5028	-1.86305
93.3488	-1.81691
97.219	-1.89135
86.2909	-2.02192
119.212	-1.64359
163.377	-1.11968
170.841	-0.783135
156.846	-0.700606
135.818	-0.747089
117.491	-0.809332
100.754	-0.932263
102.84	-0.765997
99.4016	-0.727897
89.9816	-0.809531
49.9174	-1.19424
47.2855	-0.827682
56.3775	-0.397802
65.9997	0.223685
64.316	0.721967
67.9771	0.655541
55.3529	0.910512
64.5968	0.909439
72.2792	0.875559
72.8166	0.819813
69.8376	0.720772
71.7576	0.843418
69.7461	0.740308
65.56	0.709267
63.4041	0.58757
87.4516	0.315614
52.9	0.569985
45.1262	0.29684
32.7817	0.102478
34.0641	0.363592
30.1642	0.0589087
27.7588	-0.261232
25.1467	-0.232001
21.8321	-0.411519
20.0096	-0.574874
20.7213	-0.526206
20.1661	-0.553277
18.2011	-0.560369
17.5838	-0.580862
522.847	-1.42656
560.762	-2.11461
361.204	-2.30702
185.399	-2.37067
151.403	-2.14562
128.59	-2.19362
118.609	-2.11336
95.9284	-2.10965
71.9534	-2.03381
44.0437	-1.93179
36.6789	-1.44993
506.642	-0.356185
349.629	-0.773159
389.496	-2.24126
299.354	-1.86002
279.216	-1.62744
482.913	-2.13717
586.259	-2.28232
625.166	-2.32002
702.944	-2.09275
573.506	-2.39256
542.026	-2.2743
418.896	-2.24856
278.17	-2.36723
176.349	-2.18822
133.813	-2.07448
163.275	-1.90447
191.518	-1.74188
208.912	-1.74005
261.278	-1.91265
327.911	-2.15712
447.729	-1.99416
451.815	-2.09177
495.85	-1.91863
471.811	-1.91746
474.004	-1.8589
457.235	-1.81897
417.724	-1.85161
424.958	-1.7535
395.186	-1.74486
361.57	-1.77844
393.138	-1.71708
430.134	-1.64403
435.884	-1.63435
413.177	-1.65257
345.755	-1.59882
324.866	-1.67835
390.578	-1.60385
442.9	-1.69092
505.208	-1.78567
577.362	-1.78179
550.532	-1.9497
587.758	-1.98062
572.942	-2.07101
595.701	-2.03715
567.868	-2.06043
533.767	-1.99186
282.8	-2.40865
192.444	-1.84913
173.296	-1.98786
190.618	-1.76992
169.076	-1.90765
145.966	-1.86561
127.013	-1.90573
107.625	-1.87215
88.0862	-1.88706
65.2719	-1.8799
45.6155	-1.78943
89.7873	-1.01293
216.998	-0.691176
162.563	-1.28039
297.06	-1.94515
482.106	-1.72512
210.049	-0.78658
130.543	0.386747
210.469	0.0410755
369.762	-1.33677
508.862	-1.92925
572.148	-2.04037
637.54	-1.93418
546.086	-2.17267
502.985	-2.30838
435.778	-2.32171
254.843	-2.35132
152.296	-2.14235
179.492	-1.90637
169.095	-2.03928
193.308	-1.94332
207.525	-2.2123
398.093	-2.13085
505.401	-2.31321
535.099	-2.23139
562.106	-1.95281
423.955	-1.8746
215.486	-1.95399
96.3654	-1.95977
50.3357	-2.00621
36.8148	-1.54331
31.6203	-1.21467
29.9708	-1.06929
154.918	-0.367409
330.582	-0.427561
109.399	-0.35197
177.015	-1.31526
544.669	-1.30037
481.828	-1.48232
452.483	-1.70043
252.102	-1.85798
80.0922	-1.41552
36.5856	-1.61217
34.4147	-1.67975
33.4072	-1.62178
32.7735	-1.51619
29.0203	-1.55138
29.8878	-1.64307
36.5519	-1.42
37.086	-1.40653
70.859	-0.630596
154.609	0.0540992
115.573	-0.208606
193.063	-0.0614078
114.523	0.45426
100.415	0.0390763
93.3219	-0.462066
153.432	-1.51608
446.805	-1.51623
444.691	-1.70674
422.9	-1.85689
164.224	-2.03218
171.282	-2.07091
134.893	-1.9863
190.085	-2.04215
100.144	-2.12484
86.1317	-2.28526
79.5009	-2.10179
87.5616	-2.3067
71.823	-2.08738
58.4909	-1.9551
35.8969	-1.74124
25.18	-1.37632
24.2837	-0.829724
22.5443	-0.621811
21.6519	-0.592161
18.4601	-0.652818
19.7175	-0.674004
21.9096	-0.640989
19.2143	-0.74237
20.8099	-0.601283
23.198	-0.548478
209.7	-0.886294
105.811	-1.00061
86.3191	-0.856646
54.5152	-0.826466
42.5986	-0.471818
37.0802	-0.822557
32.0461	-1.03776
25.5017	-0.829789
23.2733	-0.685193
26.3685	-0.748039
20.7548	-0.697088
20.2657	-0.402153
21.4652	-0.771979
19.1279	-0.331304
19.3336	-0.642358
20.6984	-0.713468
13.8643	-0.3292
19.1891	-0.433025
16.3455	-0.396506
17.6511	-0.458785
19.1968	-0.534187
18.6186	-0.481268
18.7532	-0.716195
18.8975	-0.736409
31.2512	-0.955748
224.473	-1.4733
692.428	-1.29115
629.827	-1.88283
708.391	-2.02783
819.859	-1.98731
932.754	-1.95512
1057.95	-1.72003
1009.02	-1.70217
879.435	-1.72063
712.502	-1.72213
505.826	-1.82825
414.181	-1.74424
326.216	-1.73256
269.754	-1.59505
218.502	-1.63225
195.195	-1.5865
193.968	-1.51581
181.07	-1.35683
198.655	-1.13594
199.69	-1.07735
210.317	-1.03364
264.61	-0.942721
379.132	-0.900176
557.362	-0.787184
729.426	-0.555925
835.258	-0.329166
901.023	-0.146524
907.253	-0.0773692
890.165	-0.112441
875.907	-0.245312
868.863	-0.404195
844.406	-0.623181
782.772	-0.935568
586.785	-1.32444
329.436	-1.61214
206.807	-1.56677
132.853	-1.68372
139.353	-1.59217
149.62	-1.95105
96.5991	-1.91077
95.0188	-1.90764
107.042	-1.78682
120.837	-1.81147
122.18	-2.01499
142.774	-1.95998
345.802	-1.68674
386.922	-2.1718
526.08	-2.03547
575.5	-1.97572
571.035	-1.96443
618.177	-1.83168
627.076	-1.81106
683.605	-1.65364
696.071	-1.60829
636.449	-1.62706
564.723	-1.62218
452.376	-1.59923
337.97	-1.47184
245.203	-1.17829
142.721	-1.07125
122.009	0.0767865
118.317	0.481731
114.289	0.664019
113.209	0.94662
140.906	0.89009
131.34	0.420518
135.468	0.605463
131.448	0.274089
77.7361	-0.0645024
48.8391	-0.724244
70.8801	-1.66088
148.727	-2.0305
129.325	-1.95304
126.898	-2.05517
133.78	-2.00561
133.446	-1.86844
115.791	-1.95378
101.838	-1.99367
74.5493	-1.9469
43.7613	-1.80045
29.1613	-1.37393
22.8221	-1.10815
36.539	-0.828347
171.475	-0.657607
64.1458	-0.986456
234.386	-2.17558
421.002	-1.76494
445.853	-1.75186
403.542	-1.75264
266.868	-1.85467
152.924	-1.70331
118.417	-0.917575
114.002	-0.196068
104.045	-0.0225799
97.3372	0.00542455
104.759	-0.0056961
86.0269	0.0289806
90.1755	-0.233609
67.7613	-0.40639
56.1368	-1.05221
227.081	-1.76896
326.505	-2.25035
330.817	-2.10364
280.297	-2.1576
186.974	-1.90655
82.1125	-1.78698
35.8519	-1.48466
27.1899	-1.36119
24.6046	-1.14748
21.821	-0.780642
19.0676	-0.96913
20.7144	-0.81485
34.4719	-0.7997
67.6627	-1.11795
27.7812	-0.939005
193.977	-1.09441
633.137	-1.12265
515.046	-1.50609
534.278	-1.37435
293.195	-1.63864
124.555	-2.03505
125.338	-2.12696
136.531	-1.99402
117.995	-2.07821
115.506	-2.06077
113.324	-2.02508
101.437	-2.04674
82.1562	-2.05979
102.903	-1.55834
98.2925	-1.1949
69.8096	-0.827506
55.4622	-0.613303
71.9071	-0.401374
57.1686	-0.0757976
53.5362	0.0232432
43.0502	0.182147
34.058	-0.108818
27.612	-0.454833
33.0033	-0.994199
79.0343	-1.99211
109.982	-2.18252
140.612	-2.33609
171.273	-2.3273
205.737	-2.27289
256.082	-2.16347
246.493	-2.15047
196.543	-2.15664
129.798	-2.2636
90.4897	-1.71121
83.9113	-0.982976
107.684	-0.217992
134.631	0.6577
146.609	1.04736
158.475	1.07988
187.177	1.25856
196.083	1.27674
143.965	1.13331
146.747	0.998107
125.57	0.668374
69.9179	0.276373
46.3251	-0.653999
78.9255	-1.65652
133.566	-1.6361
152.825	-1.48508
164.934	-1.52927
187.974	-1.44041
177.353	-1.5799
139.674	-1.78318
109.337	-2.0592
132.511	-1.96687
149.524	-2.17475
198.639	-2.19008
268.433	-2.11001
351.151	-1.88161
407.066	-1.79727
411.145	-1.80571
437.753	-1.75899
422.658	-1.84679
375.765	-1.99707
368.975	-1.94254
366.581	-1.87038
381.903	-1.99023
303.055	-1.81996
226.483	-1.82871
105.036	-1.9353
142.589	-1.69986
94.4206	-1.71082
85.2393	-1.66621
79.5994	-1.79468
69.7304	-1.77701
78.5686	-1.71423
75.6713	-1.52538
53.4317	-1.54915
43.8988	-1.36063
39.8412	-1.36604
36.4731	-1.18229
11.5334	-0.0583943
17.1523	-0.300452
17.8859	-0.602265
16.1778	-0.466517
34.1853	-1.40306
80.344	-1.91931
147.873	-2.18086
157.09	-2.14943
198.538	-2.1536
228.055	-2.12089
259.263	-1.78528
168.662	-1.82312
174.884	-1.78358
212.037	-1.70222
376.188	-1.03808
341.648	-1.40596
520.937	-1.84486
619.052	-2.02944
756.799	-2.00376
772.644	-2.08263
763.666	-1.79801
704.114	-1.41034
508.141	-1.91549
328.183	-2.12845
235.778	-1.84531
140.065	-1.61979
60.4809	-1.59234
50.5041	-1.2461
41.6989	-0.725964
54.1692	-0.285378
197.373	-0.374718
378.563	-0.580495
459.168	-0.902046
504.26	-1.06251
600.403	-1.42038
702.164	-1.65065
805.306	-1.59527
710.656	-1.60005
451.255	-1.65088
212.583	-1.6853
179.981	-0.378431
157.055	0.197173
175.508	0.494932
182.377	0.334641
188.186	0.366291
179.537	-0.313229
180.306	-1.34651
188.846	-1.6001
121.017	-1.80933
79.3345	-1.76531
49.3126	-1.70747
41.1267	-1.63898
34.1834	-1.55229
34.3588	-1.44175
147.839	-1.2656
312.365	-1.65489
495.936	-1.98397
578.441	-1.97471
707.464	-1.90906
732.463	-1.89007
539.092	-2.00986
269.329	-1.82126
299.191	-1.78397
328.661	-2.25742
180.579	-2.41962
49.4223	-2.12082
38.9516	-1.76819
32.6222	-1.54281
29.8249	-1.4895
30.4955	-1.01296
25.5435	-0.951914
30.7016	-0.922062
26.8621	-1.18987
33.8102	-1.44248
58.3586	-1.73973
90.1132	-2.02581
166.6	-1.91113
216.552	-2.0161
263.143	-1.88321
149.942	-1.47832
46.4339	-1.48921
30.9789	-1.52738
29.7411	-1.10477
193.498	-0.448224
219.273	-0.241231
181.745	-0.0873245
81.8044	-0.7
54.4	-1.26931
472.441	-1.78611
566.408	-1.86116
739.319	-1.56561
612.87	-1.74311
587.137	-1.64649
440.279	-1.7715
303.461	-1.8897
179.418	-2.02709
142.143	-1.94016
125.033	-1.81088
95.614	-1.97059
79.7727	-1.84016
47.2501	-1.74593
90.9546	-0.645634
114.11	-0.166009
87.4753	0.0322122
114.251	0.043642
126.479	0.377285
126.014	0.1365
116.495	-0.728472
273.221	-1.52053
388.995	-1.54412
486.666	-1.5114
550.443	-1.54438
502.184	-1.89552
512.477	-1.98711
481.953	-2.12652
527.747	-1.96454
597.979	-1.84229
638.358	-1.87343
784.944	-1.68967
855.548	-1.57038
946.636	-1.31128
920.294	-1.14613
829.879	-0.858754
721.243	-0.587181
497.597	-0.546084
289.697	-0.848896
122.127	-2.00033
117.423	-2.03856
107.512	-1.94431
98.4383	-1.94891
68.1805	-1.91327
39.2179	-1.61581
28.9025	-1.42459
27.0981	-1.23171
26.5876	-0.976632
189.556	-0.166923
271.971	-0.324789
260.844	-1.36969
806.517	-1.56177
748.277	-1.6488
775.68	-1.6724
709.275	-1.86857
632.878	-2.05912
500.613	-2.048
242.126	-1.48146
370.142	-1.70708
482.445	-1.97471
367.413	-2.15654
200.311	-2.1849
99.1414	-2.17377
91.2821	-2.08861
96.1734	-1.98321
130.088	-1.94178
205.913	-1.8165
323.383	-1.81955
400.768	-1.96892
454.737	-2.02071
559.356	-1.86947
602.213	-1.73925
581.039	-1.7922
513.393	-1.82826
298.773	-2.13448
158.03	-2.03126
135.164	-1.84014
130.409	-1.94984
133.159	-1.83868
130.666	-1.7656
213.222	-1.10872
228.814	-0.910042
259.873	-0.616203
304.093	-0.435653
336.501	-0.325615
441.211	-0.216737
536.884	-0.248352
662.809	-0.415419
729.774	-0.778759
806.499	-1.00768
795.242	-1.3487
838.552	-1.54255
907.917	-1.59526
810.19	-1.82188
549.172	-2.07364
530.346	-1.80754
538.665	-1.76122
741.842	-1.24646
606.133	-1.72363
811.886	-1.46762
1052.5	-1.41066
1027.4	-1.37826
821.647	-1.50595
640.302	-1.54501
456.149	-1.68311
319.881	-1.7339
227.619	-1.83773
180.535	-1.93225
164.825	-1.90129
142.568	-2.02148
144.007	-2.04008
128.763	-1.76699
114.661	-1.85101
111.761	-1.73902
109.329	-1.71845
93.3059	-1.80804
98.4256	-1.63294
125.405	-1.1268
172.495	-0.586842
206.995	-0.454202
281.711	-0.306694
377.213	-0.2472
509.653	-0.338748
591.472	-0.515342
614.935	-0.703082
532.34	-0.98833
385.548	-1.35886
243.09	-1.64856
146.305	-1.55869
105.434	-0.992781
99.0354	-0.27025
183.952	0.476103
171.858	0.601079
168.8	0.524108
152.967	0.676323
155.575	0.479161
124.951	0.387032
129.504	0.31366
123.704	-0.192528
101.494	-0.397991
66.6268	-0.656659
50.3393	-1.15364
76.8503	-1.75342
140.952	-1.67016
103.409	-1.50811
93.1565	-1.51711
77.3515	-1.58019
83.0795	-1.6471
72.1493	-1.54085
99.0253	-1.38025
185.529	-0.979979
252.959	-0.910254
313.485	-0.745831
385.273	-0.434853
463.772	-0.339115
539.756	-0.379966
601.499	-0.458627
674.127	-0.674392
595.663	-1.01688
659.133	-1.1049
569.248	-1.29661
500.968	-1.38022
450.737	-1.21784
339.161	-1.33945
91.2451	-1.39904
37.4509	-1.21949
29.7344	-0.943514
27.8673	-0.88342
42.382	-0.447474
194.093	0.196742
116.361	-0.601821
63.0064	-0.423795
56.2778	-0.377594
52.9991	-0.508643
161.54	-0.931869
268.956	-0.608115
252.512	-0.71856
184.526	-0.611454
96.6717	-0.726254
159.383	-0.911908
50.6041	-0.312359
42.8104	-0.514331
37.3774	-0.345225
42.58	-0.576972
48.6123	-0.594439
52.7715	-1.09847
57.4875	-1.11661
64.9991	-0.784405
65.0178	-1.03603
71.3686	-1.547
74.9941	-1.82407
77.3831	-1.82384
72.2915	-1.96693
63.9699	-1.73844
55.117	-1.86985
48.6192	-1.66878
40.0982	-1.56917
37.4279	-1.26435
32.77	-1.27641
33.106	-1.20701
31.507	-1.15324
22.995	-1.05508
19.9128	-0.802131
20.965	-0.544127
20.8214	-0.635049
17.6492	-0.717926
21.537	-0.671402
16.6278	-0.57935
