-0.43778
-0.665128
-0.7453
-0.612812
-0.599635
-0.686059
-0.76889
-0.616269
-0.586491
-0.729368
-0.504171
-0.575205
-0.6214
-0.690764
-0.669865
-1.89675
-2.03729
-1.9875
-2.19645
-2.13924
-1.98538
-1.99486
-1.90534
-2.10389
-2.0005
-1.94567
-1.97115
-1.91745
-1.93106
-1.96909
-2.0507
-2.00197
-2.01693
-1.92538
-1.98437
-1.90954
-1.54283
-1.64289
-1.45131
-1.28456
-1.25646
-1.43687
-1.40954
-1.15143
-1.27752
-1.24141
-1.18015
-0.861214
-0.551394
-0.768876
-0.577616
-0.0836917
0.0491522
0.0187911
-0.14031
-0.229967
-0.439096
-0.862169
-1.28319
-1.36455
-1.48862
-1.68108
-1.66055
-1.75222
-1.8092
-1.80413
-1.85301
-1.60337
-1.61574
-1.64326
-1.53522
-1.447
-1.43662
-1.22915
-1.07848
-0.908832
-0.701781
-0.392927
-0.348026
-0.448318
-0.54362
-0.538345
-0.845967
-0.973326
-0.941595
-0.976557
-1.11303
-1.25955
-1.48289
-1.85202
-1.86009
-2.00109
-1.9945
-1.89303
-1.09705
-0.986402
-0.707777
0.342757
-0.0880906
0.180311
0.271775
-0.486667
-0.478328
-0.751355
-0.973278
-1.97559
-2.17694
-1.91341
-0.501064
-0.923367
-1.57487
-1.88829
-1.95133
-1.96538
-1.77421
-1.40992
-1.20717
-0.672166
-0.140029
0.184677
0.417166
0.875365
0.958381
1.41311
1.01416
0.756233
0.693015
0.113502
0.0149818
-0.43914
-0.612963
-0.376742
-0.611449
-0.610867
-0.727314
-0.668727
-0.630068
-1.12664
-1.28583
-1.25651
-1.27801
-1.43649
-0.145853
-0.714984
-1.18381
-1.16734
-1.21851
-1.26443
-1.37943
-1.34794
-1.16411
-1.21013
-1.50956
-1.59015
-1.79822
-1.94517
-2.05642
-1.96983
-2.10708
-2.21116
-1.85989
-1.80973
-1.5925
-1.66273
-1.6422
-1.59847
-1.44835
-0.923515
-0.270496
-0.958408
-1.12172
-1.2613
-1.05479
-1.11223
-1.58242
-1.79277
-1.78777
-1.80678
-1.96112
-1.54169
-1.9919
-2.2594
-1.74876
-1.43041
-1.58584
-2.20468
-1.94524
-1.94444
-1.75316
-1.57856
-1.54433
-1.34021
-1.37531
-1.21771
-1.04633
-0.82408
-0.626651
-0.453876
-0.547532
-0.741415
-0.648931
-0.507065
-0.582129
-0.615285
-0.514647
-0.681484
0.164074
-0.0213275
-0.670652
-0.530443
-0.730376
-0.664562
-0.762273
-0.679332
-0.410126
-0.265577
-0.552447
-0.246573
-0.440475
-1.38974
-1.2583
-1.16672
-0.843288
-1.19948
-1.44754
-1.39099
-1.43114
-1.35247
-1.45297
-1.32047
-1.29045
-1.33141
-1.26121
-1.16861
-1.14807
-1.16303
-1.19233
-1.15757
-1.11798
-0.865263
-0.501096
-0.433222
-0.366736
-0.407058
-0.502248
-0.703279
-0.960693
-1.17288
-1.31892
-1.43011
-1.43153
-1.55304
-2.06615
-2.24375
-1.63091
-1.35409
-1.80545
-2.09981
-1.56716
-1.73185
-1.80192
-1.51482
-1.35271
-1.20347
-1.00901
-1.01487
-0.919691
-0.917804
-1.01886
-1.06639
-1.16639
-1.34539
-1.52512
-1.43806
-1.41432
-1.39169
-1.3378
-1.56288
-1.63535
-1.59816
-1.66801
-1.74536
-1.64065
-1.67798
-1.67774
-1.25118
-1.23605
-1.37832
-1.58375
-1.56409
-1.85792
-1.89799
-1.8963
-1.85572
-1.92496
-1.8254
-1.8885
-1.43019
-1.07335
-1.02874
-0.953496
-0.59132
-0.488742
-0.46936
-1.64078
-1.41227
-1.83766
-2.22632
-2.33253
-1.80825
-1.59871
-1.69877
-1.12179
-0.697887
-1.01507
-1.29965
-1.77325
-1.22883
-1.18924
-1.24361
-1.4534
-1.51114
-1.50831
-1.28138
-1.18097
-0.568555
-0.52983
-0.78763
-1.15633
-1.74821
-1.64156
-1.76986
-1.43638
-1.25548
-0.328071
0.418514
0.637822
0.885439
1.29859
1.26782
1.13979
0.953155
0.715391
0.312628
-1.1379
-1.03805
-1.02141
-1.24366
-1.08384
-1.25086
-0.477485
0.155375
0.388009
0.0967662
-0.114503
-0.297701
-0.212579
-0.187659
-0.23248
-0.942066
-0.62486
-0.799654
-1.91484
-2.24755
-2.43502
-2.29714
-1.7746
-1.85846
-1.90301
-1.69062
-1.36713
-1.08604
-0.890584
-0.850724
-1.45848
-1.88196
-2.12167
-1.96318
-1.81035
-1.79238
-1.73153
-1.64572
-1.46538
-1.35353
-1.1629
-0.938791
-0.907858
-0.719478
-1.12723
-1.91451
-2.05574
-1.95852
-2.08606
-2.1615
-1.90257
-1.48538
-1.51965
-1.3687
-1.08406
-1.18775
-1.00241
-0.966517
-1.04367
-0.891263
-1.21462
-1.11029
-1.65977
-1.95092
-2.01148
-1.77096
-1.77811
-1.62614
-1.66713
-1.72824
-1.87353
-1.98196
-1.80744
-1.86713
-1.80752
-1.92231
-1.85691
-2.04061
-1.85203
-1.7035
-1.50868
-1.4869
-1.2358
-1.11693
-1.15802
-1.18017
-0.400133
-0.449091
-0.626127
-0.54566
-0.414655
-0.5659
-0.460308
-0.689861
-0.759139
-0.744588
-0.50188
-0.479136
-0.809452
-1.03732
-1.04996
-1.1441
-1.03222
-0.614567
-0.28933
-0.16856
0.220366
0.318292
0.409074
0.358478
0.313904
0.183514
-0.0164612
-0.00469286
-0.0868302
-0.0464226
-0.329509
-1.29182
-2.01615
-1.88761
-1.88833
-1.89221
-1.95164
-1.96189
-0.775498
-0.0729529
0.229077
0.457741
0.617215
0.558103
0.0652603
-0.937833
-1.17513
-1.29472
-1.05516
-1.35062
-1.6149
-1.64821
-1.79418
-1.74971
-1.75327
-1.82779
-1.85278
-1.7985
-1.91946
-1.87414
-1.79562
-1.88775
-1.86545
-1.87281
-1.87432
-1.41816
-1.18482
-1.3739
-1.52588
-1.79939
-2.20999
-2.37095
-2.2757
-2.10684
-2.01671
-2.01476
-2.16796
-1.85589
-1.62411
-0.728434
-0.385929
-0.146455
0.0496461
0.153758
0.0627928
0.141112
-0.345678
-0.424575
-0.864803
-0.95265
-1.03128
-1.04617
-1.04833
-1.26257
-1.53796
-1.69425
-1.80504
-1.96521
-1.93262
-2.17229
-2.0051
-1.89826
-1.85266
-1.87422
-1.82566
-1.68283
-1.48909
-0.950028
-0.362762
-0.734216
-1.84426
-1.74373
-1.74611
-1.54481
-1.72228
-1.53696
-1.42038
-1.25844
-1.13455
-0.820241
-0.455767
-0.192356
-0.06104
-0.18499
-0.566489
-0.923945
-1.03482
-1.04622
-1.17749
-1.31121
-1.3012
-1.28657
-1.27903
-1.12664
-0.627884
-0.00509031
0.478903
0.787997
0.742663
0.874446
0.898137
1.04613
0.946559
0.781746
0.338714
-0.262065
-0.948417
-1.70289
-1.91757
-1.85922
-1.61605
-1.65297
-1.79142
-2.01067
-2.09004
-2.20148
-2.25513
-2.47862
-2.25156
-2.21721
-2.05199
-1.99934
-1.51725
-1.20142
-1.20371
-1.15379
-1.20767
-0.970964
-0.793525
-0.790677
-0.70545
-0.62754
-0.487638
-0.732917
-0.533799
-0.706556
-0.776256
-0.597479
-0.435588
-0.693635
-0.631015
-0.57881
-0.692698
-1.04377
-1.22131
-1.69333
-1.5595
-1.54111
-1.64212
-1.68819
-1.32925
-0.921922
-0.999333
-0.814985
-0.95888
-0.934794
-0.79219
-0.765746
-0.531232
-0.395088
-0.0488817
0.0987633
0.249312
0.562905
0.38968
0.551887
0.510575
0.474324
0.168173
-0.552525
-1.2627
-1.59074
-1.56748
-1.69837
-1.61838
-1.5066
-1.55397
-1.51014
-1.62237
-1.9403
-1.97532
-2.03362
-2.1246
-2.07689
-1.93616
-2.06801
-1.973
-2.05472
-1.97532
-1.1922
-0.261634
-0.749614
-0.082757
0.116033
-0.262934
-0.549251
-0.530209
-0.197675
0.0572386
-0.304015
-1.12256
-1.30882
-1.45368
-1.57711
-1.69749
-1.90775
-2.0512
-2.18601
-1.9357
-1.17552
-0.325967
0.119547
0.362494
0.1176
0.365735
0.364364
0.12588
-1.22428
-0.598328
-0.168297
-0.0675587
-0.190235
-0.621374
-1.30155
-1.26417
-0.945676
-0.548246
-0.452275
-0.652272
-0.77383
-1.41717
-1.71251
-1.94205
-2.01922
-1.97294
-2.26507
-2.01823
-1.83563
-1.90976
-2.02285
-1.89945
-1.85121
-1.84259
-1.9039
-1.9366
-2.10097
-1.82799
-1.92605
-1.81748
-1.92093
-2.00774
-1.71509
-1.73966
-1.64366
-1.58371
-1.66246
-1.62465
-1.49732
-1.53406
-1.08997
-1.28032
-0.923475
0.377441
0.319
-0.0390159
-0.0446228
-0.343644
-0.772035
-0.547146
-0.912368
-1.52406
-1.36908
-1.24784
-1.04249
-0.922108
-1.10548
-1.00203
-0.900321
-0.776336
-0.910977
-0.809445
-0.950555
-0.868285
-0.367282
-0.614125
-0.790931
-1.53117
-1.64545
-1.79214
-1.85163
-2.09491
-2.16133
-1.82185
-1.11901
-0.212601
0.153461
0.0569611
0.0652216
-0.037399
-0.144663
-0.425194
-0.0906353
0.109477
0.293427
0.51891
0.484447
0.385325
-0.264756
-1.62878
-1.59879
-0.969717
-1.25373
-2.08774
-2.38071
-2.37
-2.22205
-1.99279
-2.04704
-2.08287
-2.11445
-2.15046
-2.10716
-2.03928
-2.11655
-2.0373
-1.89559
-1.97076
-2.01193
-2.03713
-2.07395
-2.06082
-2.065
-2.09367
-2.1464
-2.10946
-2.06263
-2.0035
-1.86717
-1.44421
-1.12603
-0.896973
-0.986535
-0.99951
-0.901073
-1.00538
-0.451503
-0.309649
-0.360998
0.0561889
0.421807
0.485427
0.11821
0.319631
0.287002
0.282806
0.626891
0.619145
0.286222
0.109249
0.305934
0.188085
0.233389
-0.12304
-0.516178
-0.597007
-0.374493
-0.570943
-0.612417
-0.610521
-0.394866
-0.58624
-0.695946
-0.457766
-0.699014
-0.632172
-0.6577
-0.598248
-0.491337
-0.58223
-0.582026
-0.613794
-0.561003
-0.619416
-0.671012
-0.417548
-0.671949
-1.00594
-1.56745
-1.67454
-1.63974
-0.70736
-0.765963
-1.55939
-1.53342
-1.54606
-1.46976
-1.46608
-1.36885
-1.41526
-1.25818
-1.01461
-0.621279
-0.421226
-0.116569
-0.108064
-0.0156345
-0.0581331
-0.0173007
-0.363555
-1.18428
-1.62778
-1.83708
-1.85025
-1.82232
-1.84591
-1.93833
-2.11095
-1.9532
-2.24794
-2.11173
-2.11212
-2.00158
-1.77979
-2.05664
-2.01893
-1.90584
-1.51575
-0.545404
-9.87511e-05
0.158039
-0.1815
-0.79584
-1.17522
-1.38148
-1.3835
-1.5795
-1.61433
-1.56781
-1.68752
-1.5132
-1.25968
-0.745347
-0.00622003
0.240095
0.429334
0.63912
0.921885
0.728544
0.456487
0.238663
0.158944
-0.0328769
-0.460562
-0.539904
-0.407345
-1.11291
-0.976176
-1.61187
-1.20845
-0.950448
-1.11891
-1.43788
-1.30604
-1.12394
-1.0527
-1.03962
-1.08899
-1.15691
-1.2147
-0.965144
-0.976301
-0.759527
-0.688089
-0.523668
-0.924706
-1.17386
-1.00936
-1.36557
-1.57464
-2.03337
-2.01188
-1.99392
-2.11069
-2.20161
-2.32277
-2.45196
-2.21674
-2.62195
-2.44865
-2.16291
-2.11234
-2.00806
-1.92605
-1.91515
-1.9126
-2.09834
-2.20699
-2.1623
-2.14359
-2.05677
-2.14163
-1.90395
-1.699
-1.97893
-2.03114
-2.02556
-2.11766
-1.76578
-1.65929
-1.8565
-1.81042
-1.72754
-1.77682
-1.79884
-1.85709
-1.58327
-1.98602
-1.84914
-2.0913
-2.18117
-2.10876
-1.8876
-1.70293
-1.59604
-1.45782
-1.29928
-0.488298
-0.696394
-0.911563
-0.843478
-0.76894
-0.789812
-0.840324
-0.508727
-0.519534
-0.511787
-0.675537
-0.762802
-0.814343
-0.574517
-0.610712
-0.65406
-0.483236
-0.871983
-0.650578
-0.559478
-0.50065
-0.493101
-0.55459
-0.584331
-0.481253
-0.545649
-0.80157
0.0954995
0.0614644
-0.18177
-0.814901
-1.85524
-1.88998
-1.7651
-2.01548
-1.97784
-1.97721
-1.8857
-1.9777
-1.8694
-1.69688
-1.75874
-1.63554
-1.7063
-1.75827
-1.70537
-1.74838
-1.75793
-1.75441
-1.32453
-1.4682
-1.31432
-1.02079
-0.859187
-1.24683
-1.42467
-1.3195
-1.29715
-1.44875
-1.46528
-1.56125
-1.4245
-1.44315
-1.41899
-1.56245
-1.7372
-1.94103
-1.71813
-1.69812
-1.35005
-1.09393
-1.11837
-0.913094
-0.914403
-0.72027
-0.697334
-0.92759
-1.69135
-1.96035
-1.76774
-1.38004
-1.78957
-1.60314
-1.67936
-1.79635
-1.79298
-1.73973
-1.62041
-2.32058
-2.19624
-2.13997
-2.08923
-2.00777
-1.83801
-2.03643
-1.5547
-1.28812
-1.30816
-1.2253
-0.854295
-0.858421
-0.429276
-0.389534
-0.302433
0.0746908
-0.0518625
-0.336388
-0.389802
-0.412876
-0.831549
-0.897821
-1.04886
-1.13866
-0.894295
-0.810692
-0.897736
-0.953904
-1.16045
-1.4588
-1.83432
-1.82708
-1.89809
-1.74966
-1.87463
-1.79003
-1.64702
-0.941079
-0.387886
0.000540733
0.197312
0.328466
0.482679
0.475808
0.42299
0.276969
-0.0436162
-0.732677
-1.21634
-1.56952
-1.49716
-1.35941
-1.49014
-1.58691
-1.70627
-1.56361
-0.876677
-0.570988
-0.899244
-1.58598
-1.69857
-1.38598
-1.12107
-1.0027
-0.740626
-0.988124
-0.728844
-0.714648
-0.692167
-0.763275
-0.777515
-1.00149
-1.43533
-1.61857
-1.68438
-1.88375
-2.01107
-1.93521
-2.00094
-1.93609
-2.03879
-2.05024
-2.12424
-1.89271
-1.35952
-0.792847
-0.323827
-0.623865
-1.10595
-1.0329
-0.676367
-0.49597
-0.773375
-0.569655
-0.505841
-0.621082
-0.870671
-0.779301
-0.921034
-1.17686
-0.797729
-0.654221
-0.683761
-0.69953
-0.654777
-0.563326
-0.44653
-0.50406
-0.569997
-0.654927
-0.518025
-0.698357
-0.724425
-0.713484
-0.718504
-0.575474
-0.350684
-0.751459
-0.918705
-0.688056
-0.380619
-0.620247
-0.672441
-0.752398
-0.521418
-0.577284
-0.413227
-0.436952
-0.615789
-0.525498
-0.733396
-0.405789
-0.603348
-0.535956
-0.477777
-0.637226
-0.511652
-0.604188
-0.950139
-1.24799
-1.51626
-1.53486
-1.09566
-1.55167
-1.67184
-1.49629
-1.20098
-1.13989
-1.42363
-1.52438
-1.44803
-1.29506
-1.15525
-1.15209
-1.05475
-0.412763
-0.505515
-1.17414
-1.05595
-0.908976
-0.965826
-1.07331
-1.20261
-1.46078
-1.479
-1.4358
-1.3108
-0.902694
-0.381318
-0.615125
-0.885238
-1.35458
-1.53749
-1.35806
-1.38279
-1.37435
-1.31331
-1.34422
-1.38282
-1.0586
-0.552999
-0.268799
-0.112949
-0.440703
-1.07217
0.0444614
-0.323202
-0.784451
-1.45344
-1.52315
-1.56328
-1.53396
-1.01519
-1.44658
-1.57992
-1.76207
-1.90214
-1.83863
-1.75869
-1.8317
-2.00349
-2.01452
-1.93722
-1.26991
-1.09882
-0.565331
-0.109898
0.222207
0.419191
0.655008
0.841453
0.352387
0.265027
0.243805
-0.148957
-0.839735
-0.768422
-0.818347
-0.75454
-0.684664
-0.686003
-0.579322
-0.703224
-0.856426
-0.824967
-0.890438
-0.937841
-1.01625
-0.963149
-0.853176
-0.89168
-0.948932
-1.01658
-1.09051
-1.19249
-1.36448
-1.58599
-2.00226
-1.91022
-1.71596
-1.88209
-1.82562
-1.86475
-1.8932
-2.06833
-1.93446
-2.04018
-2.09755
-1.5405
-1.53052
-1.67633
-1.63178
-1.73934
-1.79365
-1.63775
-1.31864
-0.926094
-0.462933
-0.299917
0.106778
-0.24544
-0.49352
-1.10622
-1.35452
-1.32401
-1.19927
-1.31262
-1.30708
-1.34309
-0.615849
-0.122469
-1.00488
-1.39192
-1.50768
-1.50325
-1.60529
-1.60684
-1.82816
-1.76841
-1.75963
-1.8051
-1.84155
-1.8281
-1.75706
-1.82901
-1.76532
-1.7387
-1.63271
-1.50489
-1.53542
-1.65382
-1.75215
-1.75714
-2.00979
-2.02328
-1.97908
-1.86337
-0.973385
-0.349949
0.0676549
0.275439
0.56716
0.508945
0.340641
0.300878
-0.0430055
-0.777858
-1.51554
-2.06456
-1.90825
-1.96249
-1.77563
-1.80456
-1.61764
-1.65283
-1.56173
-1.44625
-1.4895
-1.29422
-1.23087
-1.21916
-0.793958
-0.824873
-0.841619
-0.451962
-0.408986
-0.603682
-0.856528
-0.936609
-1.3811
-1.79222
-1.86683
-1.99883
-2.06046
-1.94435
-1.99349
-1.89185
-1.71957
-0.960549
0.195751
0.204748
0.169407
0.310815
0.134588
0.159867
0.155325
-0.13636
-0.332607
-0.467461
-0.483013
-0.643186
-0.718701
-1.54727
-0.620063
0.494363
0.767093
-0.0658576
-1.20854
-1.26767
-1.33134
-1.29244
-1.19022
-0.499433
0.0969274
0.115602
0.463259
0.508239
0.392402
0.387555
-0.0382837
-0.592191
-1.12119
-1.03939
-0.974246
-1.5009
-1.77387
-1.8031
-1.97984
-1.91129
-2.20876
-2.09728
-1.55174
-1.23168
-2.15231
-2.30383
-1.70898
-1.81523
-1.82746
-1.84016
-1.7719
-1.72281
-1.75536
-1.73478
-1.5619
-1.5922
-1.39791
-1.55132
-1.3162
-0.918992
-0.830656
-0.0347494
0.258078
0.908619
0.818113
0.813173
0.686587
0.650132
0.727189
0.55127
0.762055
0.615516
0.310966
0.0549203
-0.639581
-0.617451
-0.641416
-0.650419
-0.595641
-0.641176
-0.491878
-0.438544
-0.490037
-0.464929
-0.30075
-0.530099
-0.518041
-0.541229
-0.740244
-0.550545
-0.679731
-0.762285
-0.593651
-0.635331
-0.50393
-0.530995
-0.621824
-0.833058
-1.24796
-1.16602
-0.265184
0.0246358
0.090193
0.0108007
-0.0427043
0.0379469
-0.245541
-0.244779
-0.540377
-1.06539
-1.35184
-1.6274
-1.7582
-2.02562
-1.98397
-1.76765
-1.81229
-1.75214
-1.80224
-1.56676
-1.43617
-2.35553
-1.93393
-1.82948
-1.74691
-1.7087
-1.70048
-1.76424
-1.7881
-1.72394
-1.70049
-1.72692
-1.40979
-1.19695
0.295085
-0.0801823
-0.600901
-0.618894
-1.59796
-1.25672
-1.00452
-1.00138
-1.04104
-1.10538
-1.43323
-1.63945
-1.31989
-1.25082
-0.302718
-0.238195
-0.426021
-1.04598
-1.15651
-1.622
-1.86067
-1.46365
-1.43678
-1.41895
-1.43719
-1.54226
-1.43437
-1.67763
-1.90964
-1.9339
-2.19084
-1.98706
-2.06116
-2.01074
-1.92126
-1.82498
-1.88427
-1.97875
-1.74269
-1.84028
-1.71897
-1.66063
-1.58919
-1.53283
-1.63195
-1.70408
-1.63922
-1.60241
-1.48233
-1.43767
-1.4447
-1.44674
-1.50454
-1.52152
-1.61016
-1.69804
-1.87417
-1.70935
-1.64735
-1.67172
-1.36811
-1.24051
-1.38096
-1.65866
-1.76844
-1.85556
-2.01019
-1.68965
-1.50444
-1.46153
-1.4282
-1.24435
-1.23106
-1.49486
-1.62265
-1.58654
-2.08895
-1.99454
-1.76437
-1.84055
-1.73803
-1.55216
-1.72368
-1.54534
-1.67895
-1.44875
-1.51172
-1.32843
-1.72629
-1.5553
-1.67071
-1.64483
-1.7171
-1.68376
-1.88177
-2.21547
-2.49755
-2.39534
-2.23136
-1.86116
-1.98421
-2.13819
-1.92262
-1.81898
-1.75279
-1.59829
-1.4041
-0.676623
0.279615
0.40414
0.530086
0.457298
0.45274
0.465761
0.436749
0.465178
0.275964
-0.129797
-0.633608
-1.07471
-1.13114
-0.844889
-0.987392
-1.09544
-1.29334
-1.40406
-1.71015
-1.72011
-1.42785
-0.784484
-0.384743
0.0674506
0.319874
0.538139
0.335867
0.26774
-0.329028
-0.888974
-0.700863
-0.698257
-0.736166
-0.543749
-0.635892
-0.163807
-0.875323
-1.59255
-1.93864
-2.07215
-1.90813
-2.0099
-2.16848
-2.21447
-2.01594
-1.97786
-1.823
-1.79464
-1.82266
-1.74481
-1.20893
-0.518017
-0.18211
-0.0252512
0.178772
0.299669
0.354262
0.147936
-0.0201013
-0.121653
-0.486745
-1.01039
-0.977121
-0.892343
-1.13231
-1.21992
-1.17483
-1.27519
-0.89502
-0.794531
-0.728233
-0.658675
-0.683217
-0.687257
-0.688752
-1.40342
-1.4515
-0.9042
-1.47973
-1.17706
-1.37867
-1.78826
-2.26027
-2.33544
-2.21302
-2.0157
-1.98224
-2.04766
-1.883
-1.90513
-1.67685
-1.63858
-1.20301
-1.02284
-0.847338
-0.618766
-0.474768
-0.244938
-0.488677
-0.628034
-0.768239
-1.03152
-1.33249
-1.90355
-2.00181
-1.89641
-1.93255
-1.7043
-1.77474
-2.16086
-2.08235
-2.0268
-2.08021
-1.90393
-2.06887
-1.89377
-1.90136
-1.92128
-1.67042
-1.73828
-1.3819
-1.2093
-1.19298
-1.25821
-1.27714
-1.29262
-1.08356
-1.16394
-0.780921
-0.878749
-0.808056
-0.684175
-0.54007
-0.676559
-0.571663
-0.576404
-0.646262
-0.678858
-0.506714
-0.520818
-0.572447
-0.427498
-0.570466
-0.769516
-0.620547
-1.4923
-1.40626
-1.34246
-1.76665
-1.51178
-1.37842
-1.33578
-1.51713
-2.0875
-1.98383
-1.7572
-1.89898
-1.89337
-1.92728
-2.0163
-2.02332
-2.05198
-1.89845
-1.72286
-1.3983
-1.3094
-1.37992
-1.46344
-1.6113
-1.77155
-2.00883
-2.2192
-1.80788
-1.78496
-1.85996
-1.83788
-1.95382
-0.293975
-0.192031
0.269895
0.513964
0.381094
0.309295
0.065181
-0.599366
-1.09117
-1.28834
-1.11287
-1.07331
-0.875369
-0.982292
-0.87719
-0.714799
-0.531942
-0.397333
-0.701261
-0.625207
-0.724216
-1.05782
-1.17593
-0.905739
-0.844595
-1.21523
-1.34691
-1.74954
-1.64867
-1.64079
-1.61158
-1.43992
-1.26581
-1.26033
-1.11087
-0.953346
-0.97445
-1.04718
-0.791439
-0.555466
-0.387035
-0.394717
-0.410456
-0.524353
-0.69015
-1.12273
-1.1584
-1.58664
-1.74719
-1.82419
-2.00169
-2.14319
-2.0325
-1.96301
-2.07565
-2.32371
-2.07792
-1.94734
-1.87683
-1.8305
-1.98501
-1.72622
-1.68415
-1.6554
-0.974539
-0.517205
0.0451447
0.486662
0.730132
0.457198
0.644889
0.259627
0.166069
-0.340879
-1.10422
-1.74165
-1.71777
-1.86305
-1.86726
-1.91677
-2.0027
-2.0807
-2.10875
-2.20941
-2.10345
-2.09167
-2.06406
-1.88627
-1.39728
-1.52256
-1.19139
-1.06219
-0.918034
-0.985768
-1.30011
-1.21168
-1.18061
-1.48516
-1.33847
-1.80656
-1.92432
-1.6787
-1.93537
-1.93509
-1.8261
-1.64152
-2.02539
-1.80543
-1.47755
-1.22888
-1.40121
-1.81412
-1.66411
-1.63083
-1.4125
-1.33946
-1.45996
-1.5683
-1.55512
-1.36149
-1.29855
-1.56356
-1.45485
-1.20595
-1.28639
-1.01148
-1.07929
-1.06287
-1.13656
-0.923865
-0.812458
-0.952081
-0.734096
-0.668008
-0.620267
-0.575612
-0.805887
-0.580391
-0.539657
-0.415022
-0.388475
-0.609329
-0.402605
-0.428856
-0.517977
-0.674091
-0.671529
-0.731016
-0.710046
-1.0663
-1.64562
-1.61009
-1.56173
-1.46148
-1.63264
-1.44695
-2.06179
-2.06587
-1.87652
-1.87296
-1.81131
-1.86961
-1.78315
-1.66234
-1.38089
-1.3514
-1.24691
-1.17155
-1.09473
-1.02081
-1.04384
-1.16981
-1.39384
-1.44364
-1.1916
-1.07417
-0.56596
-0.382641
-0.33434
-0.416988
-0.746864
-1.19821
-1.62888
-1.79449
-1.99574
-1.91544
-1.80005
-1.60624
-1.44027
-1.0769
-0.744756
-0.110516
0.260241
0.308412
0.735946
0.837879
1.06068
0.954797
0.944338
0.649425
0.831903
0.839046
0.546542
-0.264223
-1.32073
-1.16016
-1.15009
-1.21094
-1.19996
-1.27408
-1.38337
-1.46956
-1.51144
-1.65274
-1.72226
-1.77032
-1.87792
-2.00455
-1.91966
-2.05492
-2.01949
-1.98954
-2.03705
-1.98994
-1.92037
-1.89724
-1.95526
-1.94903
-1.97902
-1.98884
-1.73483
-1.36534
-1.62854
-1.95337
-1.84371
-1.25716
-0.901026
-0.180338
0.217972
0.570504
0.79474
0.767548
0.743715
0.623042
0.308444
0.392686
0.232812
-0.353409
-0.65396
-1.35374
-1.61812
-1.89516
-2.09202
-2.11274
-2.17521
-1.82144
-1.86587
-1.83718
-1.87601
-1.76555
-1.76292
-1.75234
-1.72829
-1.86505
-1.96675
-1.80515
-1.52832
-1.73076
-1.72083
-1.14808
-1.01188
-1.02731
-0.975301
-0.788358
-1.12215
-1.33629
-1.42832
-1.57658
-1.52679
-1.58109
-1.3516
-1.3299
-1.29807
-1.24203
0.0430087
-0.0315422
0.64547
0.608994
0.504951
0.315046
-0.0472737
-0.365871
-1.44417
-1.79113
-1.758
-1.57848
-1.73521
-1.85748
-1.64765
-1.55393
-1.6983
-1.65227
-1.43129
-1.29589
-0.545022
-0.414839
-0.929985
-1.18341
-1.37036
-1.4797
-2.05023
-2.04396
-1.99341
-2.06534
-1.95152
-1.9338
-2.07782
-1.99949
-2.11943
-1.99126
-1.79572
-1.42437
-0.989055
-0.724868
-0.525865
-0.50739
-0.758332
-1.05226
-1.36807
-1.62568
-1.7646
-1.84816
-1.78828
-1.81176
-1.82474
-1.68372
-1.58227
-1.68765
-1.78392
-1.6673
-1.88404
-2.0345
-1.95664
-1.88411
-1.8039
-1.89698
-1.96229
-2.09169
-2.27981
-2.08715
-2.17646
-2.21479
-2.11963
-2.08289
-1.87204
-1.61368
-1.55037
-1.26829
-1.07861
-1.03331
-0.690169
-0.673406
-0.437969
-0.270211
-0.335459
-0.61278
-1.15353
-0.974088
-0.898144
-0.916484
-0.98405
-1.08238
-1.2644
-1.03662
-0.911153
-0.611022
-0.563978
0.131365
0.169986
0.0596555
0.227423
0.00664367
-0.383119
-0.722195
-1.44254
-1.94923
-1.92703
-2.01783
-1.96057
-2.15362
-2.10275
-2.12201
-1.83649
-1.77563
-1.5902
-0.551153
0.030341
0.670239
0.9282
1.05201
1.08963
1.18384
1.13132
0.806235
0.395838
-0.218374
-0.728951
-1.30106
-1.65381
-1.83123
-2.20888
-2.17546
-2.09278
-1.78752
-1.63189
-1.55614
-1.57223
-1.54649
-1.54981
-1.26834
-1.20674
-1.05158
-1.0585
-1.08067
-1.29308
-1.91114
-2.09221
-2.15095
-2.2369
-2.16703
-2.13473
-2.1129
-2.02309
-1.97065
-2.09392
-2.01497
-2.00809
-1.90796
-1.99327
-1.70637
-1.55055
-1.27636
-1.27659
-1.35196
-1.15357
-0.783713
-1.05664
-1.46916
-1.51086
-1.4167
-1.34772
-1.33019
-1.31791
-1.37486
-1.65107
-1.60083
-1.64513
-1.37367
-1.42775
-1.66537
-1.76848
-1.69824
-1.44338
-1.52875
-1.52347
-0.836524
-0.210655
0.129514
0.410283
0.511004
0.597386
0.580659
0.594073
0.437833
0.641825
0.6739
0.67866
-0.933514
-0.564179
-0.650559
-0.519655
-0.676493
-0.599168
-0.702171
-0.767533
-0.795902
-0.949357
-1.13349
-1.47877
-1.99306
-2.21946
-2.19886
-2.10359
-2.23367
-1.93228
-1.97068
-2.04885
-1.97913
-2.03534
-2.00693
-2.17043
-2.64254
-2.60692
-2.15233
-2.20266
-2.48189
-2.35205
-2.23537
-2.42927
-2.53132
-2.4973
-2.21592
-2.22913
-2.16191
-2.10422
-1.5549
-0.633991
-0.228892
-0.582169
-0.480652
-0.260587
-0.443742
-1.67891
-2.05161
-2.07662
-1.90309
-1.79675
-2.00528
-2.05319
-2.0578
-1.94723
-1.64217
-1.46114
-1.18748
-0.981275
-0.816744
-0.929391
-1.40296
-2.07383
-1.9542
-1.97098
-2.08811
-1.74197
-1.77071
-1.75878
-1.52626
-0.435187
-0.0747741
0.143263
0.445764
0.663661
0.856044
1.02932
0.610667
0.236067
0.261308
0.0828197
-0.398125
-0.487609
-0.432161
-0.451216
-1.07177
-0.863288
-0.897067
-0.914397
-1.1892
-1.03873
0.0917187
-0.85875
-1.26082
-1.13088
-1.20669
-1.09708
-1.20287
-1.28004
-1.29404
-1.47427
-1.88508
-1.92389
-1.66133
-1.62669
-1.64125
-1.70274
-1.52585
-1.27467
-1.25532
-1.26039
-1.02648
-0.822517
-0.831823
-1.65489
-1.88455
-1.79603
-1.88117
-2.0707
-1.93838
-2.02657
-1.96674
-1.87689
-1.39279
-1.38481
-1.30453
-0.992576
-0.914867
-0.607559
-0.991942
-1.24728
-2.26331
-1.97244
-1.8029
-1.88907
-2.02264
-2.15049
-2.01703
-1.9583
-2.05949
-1.96781
-2.02828
-1.685
-1.65424
-1.50986
-1.47601
-1.47468
-1.56334
-1.81618
-1.75977
-1.80381
-1.79334
-1.73087
-1.60607
-1.27602
-0.717897
-0.46682
-0.464674
-0.753349
-0.574888
-0.213125
-0.102869
-0.205857
-0.659505
-1.11825
-1.50683
-1.46707
-1.57819
-1.63226
-1.43806
-1.44255
-1.33448
-1.43623
-1.36072
-0.877066
-0.784718
-1.38218
-1.6501
-2.10591
-1.99074
-1.97763
-2.06792
-2.19022
-2.0383
-1.94438
-1.5986
-1.36449
-1.29985
-1.08692
-1.09471
-0.535238
-0.310852
-0.439375
-0.931523
-1.11358
-1.38171
-1.62517
-2.16976
-2.17818
-1.81389
-1.95905
-1.80237
-1.97702
-1.97859
-1.96595
-1.71817
-1.84367
-1.88919
-1.87876
-1.94383
-1.971
-1.918
-1.66654
-1.69178
-1.56783
-1.69572
-1.9893
-2.15529
-2.10063
-1.69913
-1.61125
-1.46036
-1.37422
-1.37511
-1.59793
-1.6081
-1.53714
-1.44045
-1.63939
-1.82049
-1.81131
-1.63306
-1.56867
-1.04026
-0.291136
0.522651
0.686993
0.936472
0.733324
0.562599
0.667318
0.335693
-0.656906
-1.85234
-1.79456
-1.75283
-1.86493
-2.03228
-1.92794
-1.96213
-1.47122
-1.16107
-0.36271
-0.494906
-1.02847
-1.24698
-1.74123
-1.98712
-1.80862
-1.70211
-1.64913
-1.78019
-1.99606
-1.98317
-1.94668
-1.93314
-1.96432
-2.04707
-2.06158
-2.06083
-1.94499
-1.95375
-1.86672
-1.7324
-1.78007
-1.92643
-1.887
-1.72231
-1.64388
-1.70662
-1.61513
-1.35494
-1.25682
-1.0252
-0.83673
-0.393607
-0.040311
-0.678753
-0.843929
-0.716686
-0.600452
-0.745675
-0.702742
-0.380947
-0.57061
-0.577718
-0.612506
-0.5099
-0.770895
-0.526241
-0.463298
-0.448175
-0.484447
-0.503223
-0.510863
-0.483774
-0.858307
-1.83559
-1.9844
-2.0309
-1.94947
-1.80036
-1.72555
-1.50456
-1.57166
-1.61115
-1.63621
-1.61499
-1.58237
-1.56761
-1.62162
-1.61618
-1.64169
-1.65541
-2.16077
-2.14821
-1.96671
-1.86483
-1.30146
-0.29967
0.186095
0.550197
0.781046
0.712224
0.531114
0.389047
0.303295
0.0674889
-0.491195
-1.2614
-2.01867
-1.70989
-1.58362
-1.25453
-0.845824
-0.615663
-0.311302
-0.0760008
0.0923154
-0.0666496
-1.41952
-1.60202
-1.37272
-1.63335
-1.42588
-1.30387
-1.27584
-1.17155
-1.45744
-0.819489
-0.92084
-1.53742
-1.77049
-1.93659
-2.02628
-2.04669
-1.86214
-1.64724
-1.51431
-1.49139
-1.45882
-1.63412
-1.71626
-1.68821
-1.67317
-1.90109
-1.58993
-1.42206
-1.5427
-1.59281
-1.34816
-1.41441
-1.46935
-1.50798
-1.76226
-1.75924
-2.03975
-2.05775
-1.95607
-2.03306
-1.98753
-1.85158
-1.78414
-1.74431
-1.85822
-1.68915
-1.82147
-1.67263
-1.78601
-1.843
-1.91117
-1.50381
-1.4315
-2.11986
-2.0044
-2.05468
-2.01336
-1.88963
-2.15406
-1.75143
-0.630177
-0.0488056
0.38853
0.610442
0.790862
1.02882
0.959089
0.773769
0.563849
0.0316726
-0.647318
-1.21904
-1.64374
-1.79901
-1.77035
-1.88644
-1.77263
-1.71865
-1.65812
-1.60056
-1.75505
-1.83817
-1.93285
-1.90787
-1.94192
-1.9456
-1.95765
-1.99134
-1.2839
-0.568393
-1.24649
-1.90361
-1.60842
-1.73137
-2.07123
-2.07428
-2.21269
-1.9484
-1.86355
-1.68643
-1.49492
-1.33781
-0.989596
-0.576291
-0.140727
0.168652
0.252953
0.0975342
0.10596
0.0643034
-0.109035
-0.39561
-0.514942
-0.75267
-0.719483
-0.777101
-0.891804
-0.950844
-1.25956
-1.25487
-1.06176
-1.13822
-1.04157
-1.40567
-1.05892
-1.34855
-1.38208
-1.30799
-1.13032
-1.06786
-0.825804
-0.575397
-0.777449
-0.936969
-0.782573
-0.738207
-0.593807
-0.513658
-0.590182
-0.606394
-0.590715
-0.752937
-0.508469
-0.648257
-0.526295
-0.486439
-0.515363
-0.40872
-0.538712
-0.699955
-0.525461
-0.625479
-0.699366
-1.30199
-1.1624
-0.888972
-1.12888
-1.40821
-1.31676
-0.985647
-1.29559
-1.33933
-0.903447
-0.269327
0.172368
0.544219
0.438361
0.591311
0.473355
0.305506
-0.124368
-1.2337
-1.28447
-1.37687
-1.46447
-1.40169
-1.5666
-1.67502
-1.60054
-1.7486
-2.02337
-2.02873
-2.08544
-2.05937
-2.07303
-1.9565
-1.8582
-1.9706
-1.83262
-0.877114
-0.911941
-0.624359
-0.949693
-1.23414
-1.3623
-1.42817
-1.53348
-1.57861
-1.59027
-1.59807
-1.72463
-1.67951
-1.82577
-1.84895
-1.94379
-1.7478
-1.63697
-1.30381
-1.0854
-1.39933
-1.64351
-1.48575
-1.43699
-1.48439
-1.56176
-1.67929
-1.86689
-2.03795
-2.10937
-2.0545
-1.99793
-1.85044
-2.01957
-1.91559
-1.65681
-1.25764
-1.15238
-0.864723
0.0232831
-0.164966
-0.221835
-1.39995
-1.17935
-1.25881
-1.60089
-1.88125
-1.97793
-1.95325
-2.05433
-2.14114
-2.06317
-2.12017
-2.06805
-2.03951
-2.09608
-2.09252
-2.0015
-1.85317
-1.83877
-1.67432
-1.43997
-1.14894
-1.00457
-0.802205
-0.563966
-0.438995
-0.0580414
0.0441049
0.0635751
0.120539
0.122847
0.0517998
-0.120097
-0.249562
-0.737846
-1.10375
-1.18896
-1.20096
-1.39777
-1.61682
-2.03206
-2.29373
-2.03254
-1.97563
-1.93598
-2.00192
-1.83126
-1.73322
-1.5638
-1.50479
-1.38013
-1.20223
-1.16334
-1.19849
-0.858327
-0.851206
-0.749464
-0.822143
-1.08313
-1.96159
-1.85357
-1.70568
-1.89486
-1.57432
-1.71796
-1.96634
-2.21779
-1.58389
-1.64379
-1.41177
-1.29476
-1.0754
-0.962772
0.177322
0.749532
0.824082
0.406808
0.55508
0.2991
0.242154
-0.101594
-0.232142
-0.483901
-0.465037
-0.38208
-0.44951
-0.708452
-1.33047
-1.65873
-1.45103
-1.52441
-1.35005
-1.11191
-0.910872
-0.212554
0.392686
0.553768
0.687566
1.0742
1.08759
1.01063
0.779493
0.689329
0.342648
-0.27191
-0.751674
-0.744942
-0.738578
-0.688468
-0.741415
-1.15414
-1.40832
-1.53874
-1.88298
-1.74784
-1.67775
-1.81713
-1.68287
-1.64669
-1.54558
-1.53263
-1.51314
-1.17402
-1.34215
-1.96253
-1.90663
-1.93459
-1.77825
-1.56736
-1.54056
-1.45458
-1.30307
-1.73082
-1.80495
-1.57007
-1.66818
-1.84431
-1.84659
-1.76099
-1.79408
-1.56837
-1.55726
-1.37556
-1.52919
-1.24292
-0.274765
0.165923
0.426837
0.648299
0.807004
1.21363
1.07379
0.71275
0.864461
0.943596
0.853368
0.725022
0.54656
0.610359
0.51376
0.0611196
0.0670164
-0.179294
-0.383006
-0.626156
-0.635396
-0.645057
-0.635303
-0.608545
-0.876962
-0.633197
-0.716283
-0.490515
-0.496163
-0.550854
-0.440601
-0.549451
-0.532898
-0.494662
-0.459685
-0.67642
-0.59957
-0.476719
-0.578276
-0.48919
-0.512238
-0.53716
-0.344702
-0.541969
-0.674977
-0.665718
-0.650464
-1.00497
-0.616864
-0.421245
-0.523358
-0.847971
-0.822938
-0.710433
-0.00163621
0.150625
-0.0575142
0.175323
-0.115207
-0.101781
-0.114869
-0.214473
-0.262728
-0.245164
-0.785166
-0.854661
-0.958201
-0.845913
-0.654271
-0.71637
0.452843
0.37584
-0.158448
-0.297714
-0.593683
-0.818688
-0.994253
-1.10018
-1.18843
-1.21412
-1.23787
-1.09456
-0.994532
-0.890754
-0.791583
-0.931823
-1.44512
-1.93818
-1.92256
-1.80896
-1.85308
-1.49618
-0.848794
-0.57513
-0.727629
-1.00844
-1.24208
-1.09031
-1.27219
-1.3154
-1.35725
-1.43826
-1.40385
-1.50792
-1.83663
-1.6615
-1.0086
-0.486283
-0.163386
0.0194169
0.222282
0.137221
-0.251308
-0.539163
-1.03763
-2.16442
-2.01209
-1.95717
-2.06049
-2.04645
-2.13426
-2.03339
-2.01847
-1.69959
-1.96021
-1.80416
-1.81154
-1.9773
-2.11783
-2.03267
-1.94316
-2.14327
-2.0642
-2.00641
-1.62398
-1.42257
-1.22847
-1.15065
-1.15739
-1.36275
-1.77064
-1.988
-2.14175
-2.00556
-1.99071
-1.8181
-1.15595
-0.158427
-0.000273983
0.44179
0.524484
0.257363
-0.127384
-0.595356
-1.18909
-1.7386
-1.66442
-1.70985
-1.83863
-1.81155
-1.82238
-1.5998
-1.55118
-1.60026
-1.82853
-1.97273
-1.90284
-1.80676
-1.98873
-2.26143
-2.21381
-1.61699
-0.82106
-0.0625861
0.507491
0.570103
0.941999
0.646322
0.491873
0.645666
0.63872
0.298766
-0.444412
-1.27342
-1.58166
-1.86175
-2.26746
-2.18411
-2.16249
-2.03414
-2.19581
-2.19965
-2.17182
-2.15183
-2.04997
-1.92211
-1.82204
-1.70547
-1.56881
-1.21336
-0.982919
-0.161773
-0.0507213
-0.724932
-0.69648
-1.10372
-1.31438
-0.887584
-1.30296
-1.11904
-1.27828
-1.40884
-1.44201
-1.4956
-1.41614
-1.38513
-1.47952
-1.5846
-1.65615
-1.79934
-2.05984
-1.85716
-1.7234
-1.95754
-1.77264
-1.93066
-1.92517
-1.52466
-1.10722
-0.801038
-0.692132
-0.79701
-0.702696
-0.681129
-0.759909
-0.998411
-1.0862
-0.659388
-0.0432587
0.370714
0.405664
0.340857
0.409208
0.233959
0.145941
0.22226
0.14166
0.237474
0.188495
0.156169
0.0477961
-0.145966
-0.269154
-0.41808
-0.752834
-0.78293
-0.853695
-0.85258
-0.784407
-0.775497
-0.831864
-0.967703
-0.854216
-0.664114
-0.693157
-0.744612
-0.718611
-0.736446
-0.510812
-0.672216
-0.630627
-0.468197
-0.712982
-0.526226
-0.7753
-0.368609
0.114286
0.201917
0.235553
0.417111
0.611315
0.539594
0.48683
0.337581
-0.211803
-0.440975
-0.741315
-0.54091
-0.435735
-0.682018
-0.540903
-0.374097
-0.0457463
0.324603
0.479174
0.560619
0.621457
0.686824
0.4066
0.247275
0.0634617
-0.289439
-0.986678
-1.36694
-1.82137
-1.75849
-1.59453
-1.27694
-1.30086
-1.2118
-1.19832
-1.31136
-1.34447
-1.34538
-1.29627
-1.22066
-1.18104
-1.09409
-1.03109
-1.09924
-1.49124
-1.60543
-1.66913
-1.7635
-1.89611
-2.02204
-2.03731
-1.83083
-1.73767
-1.78686
-1.45473
-0.149143
0.0170984
0.852417
0.996608
0.955948
0.859131
0.824341
0.809665
0.32724
-0.557376
-1.55386
-0.840277
-0.737854
-0.581507
-0.519151
-0.636024
-0.720809
-0.546754
-0.567197
-0.684143
-1.29402
-1.04499
-1.85347
-2.11963
-2.10311
-2.06047
-2.05598
-2.11592
-1.9878
-1.85329
-1.90905
-1.95264
-2.0278
-1.9126
-1.88441
-2.03472
-2.10773
-2.13496
-2.00332
-2.11176
-2.07052
-1.83466
-1.66278
-1.39558
-1.13447
-1.00357
-0.921288
-0.877088
-0.843436
-0.846146
-0.886168
-0.967018
-1.08811
-1.34046
-1.54668
-1.9432
-1.75478
-1.66902
-1.75087
-1.44403
-0.793295
-0.336836
0.140166
0.408799
0.158759
0.335987
0.168218
0.229798
0.243967
0.352624
0.114417
-0.613969
-0.820881
-0.519918
-0.544891
-0.566886
-0.418853
-0.484005
-0.509532
-0.703721
-0.452801
-0.675906
-0.797731
-0.420272
-0.78604
-0.824222
-1.37244
-1.80686
-1.92783
-1.928
-2.25357
-2.35686
-2.06994
-2.04752
-1.88764
-1.6438
-1.59271
-1.40539
-1.29327
-0.931115
-0.688584
-0.486274
-0.32793
-0.413016
-0.645279
-1.41038
-1.60358
-1.57727
-1.39279
-1.35289
-1.51899
-1.53938
-1.44631
-1.33091
-0.942661
-0.655481
-0.513341
-0.477374
-0.105526
-0.23501
-0.0849646
0.0381709
0.0033806
-0.0431096
-0.0136539
0.0458189
0.0608969
-0.0214134
-0.11804
-0.276219
-0.386411
-0.561297
-0.727127
-0.929246
-1.06588
-1.32388
-1.40164
-1.81607
-1.59021
-1.48715
-1.72856
-1.93287
-1.64145
-1.52926
-1.41587
-0.711517
-0.246579
0.0246805
-0.026938
0.21133
0.295873
0.32802
0.385322
0.383168
0.320782
0.0727519
-0.312962
0.300476
0.0634797
0.193282
0.31478
-0.0676086
-0.372369
-0.452344
-0.521604
-0.761963
-0.539676
-0.621991
-0.511125
-0.521369
-0.56553
-0.476526
-0.403547
0.0164781
0.0961452
0.00892287
0.193409
0.353039
0.17123
-0.522361
-0.628681
-0.925092
-0.802566
-0.731229
-0.657543
-0.554971
-0.629438
-0.670634
-0.714377
-0.753312
-0.760212
-0.759757
-0.88302
-1.06174
-1.37507
-1.63772
-1.94471
-2.25823
-2.1526
-2.24053
-2.17642
-2.18344
-2.22408
-1.75596
-1.41851
-1.5312
-1.56556
-1.7984
-1.87467
-1.85055
-1.8376
-1.63907
-1.5824
-1.54068
-1.62624
-1.8616
-2.15442
-1.98494
-2.00141
-1.99938
-2.10041
-2.04008
-1.95391
-1.9423
-0.96613
-0.47005
0.0174701
0.260288
0.423992
0.390546
0.102095
-0.100145
-0.844944
-1.0443
-1.38972
-1.78562
-1.86546
-1.51476
-1.56299
-1.47498
-1.41151
-1.46783
-1.51614
-1.61734
-1.90684
-1.89937
-1.60213
-1.49962
-1.25758
-1.08
-0.70653
-0.665306
-1.59514
-1.68687
-1.56184
-1.72663
-1.50942
-1.71979
-1.91426
-1.84249
-1.91604
-1.76213
-1.73909
-1.70958
-0.430817
-0.0886482
0.333697
0.693614
0.182159
-0.298926
-0.993113
-1.50157
-1.65244
-1.61694
-1.53248
-1.68311
-1.8416
-1.58506
-1.56125
-1.73971
-1.86097
-1.79433
-1.72742
-2.08147
-1.99893
-2.02051
-1.93373
-1.63588
-1.69234
-1.8548
-1.77817
-1.69084
-1.70759
-1.67451
-1.37477
-0.363981
-0.256374
-0.685289
-1.15568
-1.68481
-1.61999
-1.76185
-1.722
-1.79894
-1.77982
-1.66812
-1.28372
-1.39011
-1.2012
-0.955973
-0.367682
-0.559258
-0.66024
-1.24083
-1.52763
-1.91023
-2.06856
-2.00385
-1.99181
-2.14597
-2.07538
-2.04435
-2.04149
-2.0474
-1.80711
-1.70311
-1.65309
-1.61284
-1.67342
-0.968625
-0.958054
-0.719248
-0.414269
-0.53855
-0.687841
-0.729748
-0.353003
-0.307195
-0.228046
-0.418789
-0.311841
-0.297723
-0.273594
-0.495793
-0.565293
-0.438125
-0.456918
-0.728815
-1.10615
-1.22439
-1.56972
-1.70719
-1.58751
-1.6806
-1.86195
-2.02107
-1.82767
-1.77288
-1.49669
-1.56191
-1.27662
-1.11307
-1.02956
-0.873859
-0.885004
-0.863086
-0.687667
-0.821131
-0.647802
-0.540706
-0.56102
-0.536936
-0.427762
-0.72129
-0.524113
-0.0948037
-0.56544
-0.611355
-0.61447
-0.454306
-0.0792585
-0.295166
-0.396298
-0.692141
-0.769826
-0.830266
-0.812532
-0.776554
-1.28349
-1.75821
-1.59454
-1.82397
-1.15133
-1.57231
-1.95197
-1.79536
-1.70982
-1.90001
-1.99168
-1.88622
-1.78374
-0.829645
-0.322974
0.158614
0.398735
0.411552
0.402459
0.288733
0.074053
-1.26527
-1.7476
-1.88122
-1.80115
-2.05263
-2.36012
-2.38789
-1.87633
-1.70512
-1.71185
-1.80463
-1.90078
-1.82688
-1.71057
-1.47334
-1.41559
-0.910909
-0.315126
-1.01633
-1.70716
-1.82863
-1.98596
-2.10028
-2.00245
-2.03083
-1.98593
-2.25096
-2.27565
-2.21523
-1.70701
-1.96512
-2.08073
-2.07836
-2.04727
-2.40266
-2.02147
-1.93342
-1.90766
-1.93034
-1.17167
-0.479168
-0.128522
0.250176
0.400972
0.335711
0.0706736
-0.0732869
-0.303338
-1.43271
-1.91677
-1.74742
-1.82705
-2.07977
-2.0383
-1.33575
-1.02892
-1.15953
-1.0356
-1.16011
-1.09546
-0.935825
-0.735879
-0.882601
-0.797062
-0.631578
-0.784961
-0.716853
-1.17132
-1.63327
-1.53373
-1.57117
-1.52366
-1.4827
-1.34037
-1.23427
-1.13477
-0.917237
-0.397384
-0.722096
-1.05665
-0.521799
-0.191683
0.316641
0.235503
0.57287
-0.597132
-1.42878
-1.51842
-1.54695
-1.57191
-1.79925
-1.82845
-1.80835
-1.90278
-1.81283
-1.78467
-1.75197
-1.50377
-1.3934
-1.07769
-0.950507
-0.90586
-1.01673
-1.18151
-0.961758
-1.36186
-1.91051
-1.87234
-1.7455
-1.93304
-1.71221
-1.60424
-1.4366
-1.57355
-1.55418
-1.44155
-1.63088
-1.56415
-1.63961
-1.67887
-1.93208
-1.87338
-1.93472
-1.86305
-1.81691
-1.89135
-2.02192
-1.64359
-1.11968
-0.783135
-0.700606
-0.747089
-0.809332
-0.932263
-0.765997
-0.727897
-0.809531
-1.19424
-0.827682
-0.397802
0.223685
0.721967
0.655541
0.910512
0.909439
0.875559
0.819813
0.720772
0.843418
0.740308
0.709267
0.58757
0.315614
0.569985
0.29684
0.102478
0.363592
0.0589087
-0.261232
-0.232001
-0.411519
-0.574874
-0.526206
-0.553277
-0.560369
-0.580862
-1.42656
-2.11461
-2.30702
-2.37067
-2.14562
-2.19362
-2.11336
-2.10965
-2.03381
-1.93179
-1.44993
-0.356185
-0.773159
-2.24126
-1.86002
-1.62744
-2.13717
-2.28232
-2.32002
-2.09275
-2.39256
-2.2743
-2.24856
-2.36723
-2.18822
-2.07448
-1.90447
-1.74188
-1.74005
-1.91265
-2.15712
-1.99416
-2.09177
-1.91863
-1.91746
-1.8589
-1.81897
-1.85161
-1.7535
-1.74486
-1.77844
-1.71708
-1.64403
-1.63435
-1.65257
-1.59882
-1.67835
-1.60385
-1.69092
-1.78567
-1.78179
-1.9497
-1.98062
-2.07101
-2.03715
-2.06043
-1.99186
-2.40865
-1.84913
-1.98786
-1.76992
-1.90765
-1.86561
-1.90573
-1.87215
-1.88706
-1.8799
-1.78943
-1.01293
-0.691176
-1.28039
-1.94515
-1.72512
-0.78658
0.386747
0.0410755
-1.33677
-1.92925
-2.04037
-1.93418
-2.17267
-2.30838
-2.32171
-2.35132
-2.14235
-1.90637
-2.03928
-1.94332
-2.2123
-2.13085
-2.31321
-2.23139
-1.95281
-1.8746
-1.95399
-1.95977
-2.00621
-1.54331
-1.21467
-1.06929
-0.367409
-0.427561
-0.35197
-1.31526
-1.30037
-1.48232
-1.70043
-1.85798
-1.41552
-1.61217
-1.67975
-1.62178
-1.51619
-1.55138
-1.64307
-1.42
-1.40653
-0.630596
0.0540992
-0.208606
-0.0614078
0.45426
0.0390763
-0.462066
-1.51608
-1.51623
-1.70674
-1.85689
-2.03218
-2.07091
-1.9863
-2.04215
-2.12484
-2.28526
-2.10179
-2.3067
-2.08738
-1.9551
-1.74124
-1.37632
-0.829724
-0.621811
-0.592161
-0.652818
-0.674004
-0.640989
-0.74237
-0.601283
-0.548478
-0.886294
-1.00061
-0.856646
-0.826466
-0.471818
-0.822557
-1.03776
-0.829789
-0.685193
-0.748039
-0.697088
-0.402153
-0.771979
-0.331304
-0.642358
-0.713468
-0.3292
-0.433025
-0.396506
-0.458785
-0.534187
-0.481268
-0.716195
-0.736409
-0.955748
-1.4733
-1.29115
-1.88283
-2.02783
-1.98731
-1.95512
-1.72003
-1.70217
-1.72063
-1.72213
-1.82825
-1.74424
-1.73256
-1.59505
-1.63225
-1.5865
-1.51581
-1.35683
-1.13594
-1.07735
-1.03364
-0.942721
-0.900176
-0.787184
-0.555925
-0.329166
-0.146524
-0.0773692
-0.112441
-0.245312
-0.404195
-0.623181
-0.935568
-1.32444
-1.61214
-1.56677
-1.68372
-1.59217
-1.95105
-1.91077
-1.90764
-1.78682
-1.81147
-2.01499
-1.95998
-1.68674
-2.1718
-2.03547
-1.97572
-1.96443
-1.83168
-1.81106
-1.65364
-1.60829
-1.62706
-1.62218
-1.59923
-1.47184
-1.17829
-1.07125
0.0767865
0.481731
0.664019
0.94662
0.89009
0.420518
0.605463
0.274089
-0.0645024
-0.724244
-1.66088
-2.0305
-1.95304
-2.05517
-2.00561
-1.86844
-1.95378
-1.99367
-1.9469
-1.80045
-1.37393
-1.10815
-0.828347
-0.657607
-0.986456
-2.17558
-1.76494
-1.75186
-1.75264
-1.85467
-1.70331
-0.917575
-0.196068
-0.0225799
0.00542455
-0.0056961
0.0289806
-0.233609
-0.40639
-1.05221
-1.76896
-2.25035
-2.10364
-2.1576
-1.90655
-1.78698
-1.48466
-1.36119
-1.14748
-0.780642
-0.96913
-0.81485
-0.7997
-1.11795
-0.939005
-1.09441
-1.12265
-1.50609
-1.37435
-1.63864
-2.03505
-2.12696
-1.99402
-2.07821
-2.06077
-2.02508
-2.04674
-2.05979
-1.55834
-1.1949
-0.827506
-0.613303
-0.401374
-0.0757976
0.0232432
0.182147
-0.108818
-0.454833
-0.994199
-1.99211
-2.18252
-2.33609
-2.3273
-2.27289
-2.16347
-2.15047
-2.15664
-2.2636
-1.71121
-0.982976
-0.217992
0.6577
1.04736
1.07988
1.25856
1.27674
1.13331
0.998107
0.668374
0.276373
-0.653999
-1.65652
-1.6361
-1.48508
-1.52927
-1.44041
-1.5799
-1.78318
-2.0592
-1.96687
-2.17475
-2.19008
-2.11001
-1.88161
-1.79727
-1.80571
-1.75899
-1.84679
-1.99707
-1.94254
-1.87038
-1.99023
-1.81996
-1.82871
-1.9353
-1.69986
-1.71082
-1.66621
-1.79468
-1.77701
-1.71423
-1.52538
-1.54915
-1.36063
-1.36604
-1.18229
-0.0583943
-0.300452
-0.602265
-0.466517
-1.40306
-1.91931
-2.18086
-2.14943
-2.1536
-2.12089
-1.78528
-1.82312
-1.78358
-1.70222
-1.03808
-1.40596
-1.84486
-2.02944
-2.00376
-2.08263
-1.79801
-1.41034
-1.91549
-2.12845
-1.84531
-1.61979
-1.59234
-1.2461
-0.725964
-0.285378
-0.374718
-0.580495
-0.902046
-1.06251
-1.42038
-1.65065
-1.59527
-1.60005
-1.65088
-1.6853
-0.378431
0.197173
0.494932
0.334641
0.366291
-0.313229
-1.34651
-1.6001
-1.80933
-1.76531
-1.70747
-1.63898
-1.55229
-1.44175
-1.2656
-1.65489
-1.98397
-1.97471
-1.90906
-1.89007
-2.00986
-1.82126
-1.78397
-2.25742
-2.41962
-2.12082
-1.76819
-1.54281
-1.4895
-1.01296
-0.951914
-0.922062
-1.18987
-1.44248
-1.73973
-2.02581
-1.91113
-2.0161
-1.88321
-1.47832
-1.48921
-1.52738
-1.10477
-0.448224
-0.241231
-0.0873245
-0.7
-1.26931
-1.78611
-1.86116
-1.56561
-1.74311
-1.64649
-1.7715
-1.8897
-2.02709
-1.94016
-1.81088
-1.97059
-1.84016
-1.74593
-0.645634
-0.166009
0.0322122
0.043642
0.377285
0.1365
-0.728472
-1.52053
-1.54412
-1.5114
-1.54438
-1.89552
-1.98711
-2.12652
-1.96454
-1.84229
-1.87343
-1.68967
-1.57038
-1.31128
-1.14613
-0.858754
-0.587181
-0.546084
-0.848896
-2.00033
-2.03856
-1.94431
-1.94891
-1.91327
-1.61581
-1.42459
-1.23171
-0.976632
-0.166923
-0.324789
-1.36969
-1.56177
-1.6488
-1.6724
-1.86857
-2.05912
-2.048
-1.48146
-1.70708
-1.97471
-2.15654
-2.1849
-2.17377
-2.08861
-1.98321
-1.94178
-1.8165
-1.81955
-1.96892
-2.02071
-1.86947
-1.73925
-1.7922
-1.82826
-2.13448
-2.03126
-1.84014
-1.94984
-1.83868
-1.7656
-1.10872
-0.910042
-0.616203
-0.435653
-0.325615
-0.216737
-0.248352
-0.415419
-0.778759
-1.00768
-1.3487
-1.54255
-1.59526
-1.82188
-2.07364
-1.80754
-1.76122
-1.24646
-1.72363
-1.46762
-1.41066
-1.37826
-1.50595
-1.54501
-1.68311
-1.7339
-1.83773
-1.93225
-1.90129
-2.02148
-2.04008
-1.76699
-1.85101
-1.73902
-1.71845
-1.80804
-1.63294
-1.1268
-0.586842
-0.454202
-0.306694
-0.2472
-0.338748
-0.515342
-0.703082
-0.98833
-1.35886
-1.64856
-1.55869
-0.992781
-0.27025
0.476103
0.601079
0.524108
0.676323
0.479161
0.387032
0.31366
-0.192528
-0.397991
-0.656659
-1.15364
-1.75342
-1.67016
-1.50811
-1.51711
-1.58019
-1.6471
-1.54085
-1.38025
-0.979979
-0.910254
-0.745831
-0.434853
-0.339115
-0.379966
-0.458627
-0.674392
-1.01688
-1.1049
-1.29661
-1.38022
-1.21784
-1.33945
-1.39904
-1.21949
-0.943514
-0.88342
-0.447474
0.196742
-0.601821
-0.423795
-0.377594
-0.508643
-0.931869
-0.608115
-0.71856
-0.611454
-0.726254
-0.911908
-0.312359
-0.514331
-0.345225
-0.576972
-0.594439
-1.09847
-1.11661
-0.784405
-1.03603
-1.547
-1.82407
-1.82384
-1.96693
-1.73844
-1.86985
-1.66878
-1.56917
-1.26435
-1.27641
-1.20701
-1.15324
-1.05508
-0.802131
-0.544127
-0.635049
-0.717926
-0.671402
-0.57935
