-0.43778	0.808514
-0.665128	0.996819
-0.7453	0.997135
-0.612812	0.968429
-0.599635	1.01209
-0.686059	0.77122
-0.76889	1.02339
-0.616269	0.721018
-0.586491	0.808082
-0.729368	1.08151
-0.504171	1.02674
-0.575205	0.975446
-0.6214	1.0699
-0.690764	1.05054
-0.669865	0.835853
-1.89675	1.85917
-2.03729	2.18554
-1.9875	1.73528
-2.19645	2.58522
-2.13924	2.34378
-1.98538	2.03545
-1.99486	2.13491
-1.90534	1.937
-2.10389	2.6346
-2.0005	2.37196
-1.94567	2.17591
-1.97115	2.40283
-1.91745	2.37009
-1.93106	2.48756
-1.96909	2.61449
-2.0507	2.84893
-2.00197	2.77363
-2.01693	2.80968
-1.92538	2.58666
-1.98437	2.74606
-1.90954	2.5898
-1.54283	1.76209
-1.64289	1.9871
-1.45131	1.82109
-1.28456	1.65056
-1.25646	1.60467
-1.43687	1.95639
-1.40954	1.97657
-1.15143	1.42382
-1.27752	1.54351
-1.24141	1.323
-1.18015	1.11834
-0.861214	0.599456
-0.551394	0.70817
-0.768876	1.02965
-0.577616	0.751006
-0.0836917	0.325458
0.0491522	0.257792
0.0187911	0.238411
-0.14031	0.277423
-0.229967	0.301951
-0.439096	0.477266
-0.862169	0.983927
-1.28319	1.16881
-1.36455	0.923063
-1.48862	1.24157
-1.68108	1.70658
-1.66055	1.7043
-1.75222	1.91835
-1.8092	2.11607
-1.80413	2.24459
-1.85301	2.34299
-1.60337	1.84243
-1.61574	1.78952
-1.64326	1.85066
-1.53522	1.60536
-1.447	1.44687
-1.43662	1.46034
-1.22915	1.129
-1.07848	0.930707
-0.908832	0.430045
-0.701781	0.0564106
-0.392927	-0.403521
-0.348026	-0.41747
-0.448318	-0.0935742
-0.54362	0.101924
-0.538345	0.0402041
-0.845967	0.251293
-0.973326	0.386693
-0.941595	0.327725
-0.976557	0.548049
-1.11303	0.946002
-1.25955	1.272
-1.48289	1.54061
-1.85202	1.97998
-1.86009	1.76887
-2.00109	1.93538
-1.9945	1.9448
-1.89303	1.48257
-1.09705	0.212217
-0.986402	0.240905
-0.707777	0.218137
0.342757	0.283885
-0.0880906	0.189658
0.180311	0.0057299
0.271775	0.0911167
-0.486667	0.544902
-0.478328	0.596028
-0.751355	0.845073
-0.973278	0.870015
-1.97559	2.36427
-2.17694	2.75409
-1.91341	2.18822
-0.501064	0.45427
-0.923367	0.820237
-1.57487	1.65014
-1.88829	2.32016
-1.95133	2.21927
-1.96538	2.04532
-1.77421	1.54881
-1.40992	0.99968
-1.20717	0.957298
-0.672166	0.563513
-0.140029	0.305453
0.184677	0.140258
0.417166	0.03821
0.875365	0.281134
0.958381	0.718154
1.41311	0.914838
1.01416	0.878114
0.756233	0.864481
0.693015	0.913122
0.113502	0.631708
0.0149818	0.602794
-0.43914	0.788033
-0.612963	0.960854
-0.376742	0.883308
-0.611449	1.02043
-0.610867	0.834693
-0.727314	0.867399
-0.668727	0.718895
-0.630068	0.413114
-1.12664	1.00481
-1.28583	1.48318
-1.25651	1.56242
-1.27801	1.27898
-1.43649	1.10552
-0.145853	0.457634
-0.714984	0.616481
-1.18381	1.23043
-1.16734	1.1134
-1.21851	1.28489
-1.26443	1.38172
-1.37943	1.6122
-1.34794	1.54669
-1.16411	1.07399
-1.21013	1.05375
-1.50956	1.44474
-1.59015	1.51449
-1.79822	1.98651
-1.94517	2.11319
-2.05642	2.16751
-1.96983	2.0819
-2.10708	2.23866
-2.21116	2.30688
-1.85989	1.50726
-1.80973	1.62045
-1.5925	1.25114
-1.66273	1.35829
-1.6422	1.51044
-1.59847	1.63593
-1.44835	1.15235
-0.923515	0.771659
-0.270496	0.587565
-0.958408	0.889314
-1.12172	1.071
-1.2613	1.41691
-1.05479	1.07926
-1.11223	1.21996
-1.58242	1.30294
-1.79277	1.53053
-1.78777	1.62262
-1.80678	1.85803
-1.96112	2.00511
-1.54169	1.37758
-1.9919	2.02274
-2.2594	3.1245
-1.74876	2.01675
-1.43041	1.49323
-1.58584	1.62792
-2.20468	2.57301
-1.94524	2.05933
-1.94444	1.94048
-1.75316	1.85953
-1.57856	1.48761
-1.54433	1.52367
-1.34021	1.15477
-1.37531	1.32129
-1.21771	1.29634
-1.04633	1.18722
-0.82408	1.16216
-0.626651	1.02917
-0.453876	0.94874
-0.547532	1.08254
-0.741415	0.998942
-0.648931	1.17964
-0.507065	0.90896
-0.582129	0.950335
-0.615285	0.97656
-0.514647	1.01828
-0.681484	0.626385
0.164074	0.570473
-0.0213275	0.76682
-0.670652	1.03448
-0.530443	1.16485
-0.730376	1.07766
-0.664562	0.77665
-0.762273	0.920032
-0.679332	1.022
-0.410126	1.022
-0.265577	0.857166
-0.552447	0.876894
-0.246573	0.965593
-0.440475	0.607919
-1.38974	1.47787
-1.2583	1.12346
-1.16672	0.684592
-0.843288	0.233521
-1.19948	0.734154
-1.44754	1.24727
-1.39099	1.31556
-1.43114	1.41555
-1.35247	1.40202
-1.45297	1.64547
-1.32047	1.39833
-1.29045	1.38906
-1.33141	1.46394
-1.26121	1.39408
-1.16861	1.18088
-1.14807	1.09103
-1.16303	1.2401
-1.19233	1.35448
-1.15757	1.33378
-1.11798	1.25539
-0.865263	0.91605
-0.501096	0.505631
-0.433222	0.524757
-0.366736	0.548513
-0.407058	0.691756
-0.502248	0.829924
-0.703279	0.890198
-0.960693	0.91498
-1.17288	0.879137
-1.31892	0.82537
-1.43011	0.917303
-1.43153	0.921488
-1.55304	1.33819
-2.06615	2.59231
-2.24375	2.84686
-1.63091	1.47059
-1.35409	1.60277
-1.80545	2.06512
-2.09981	2.72788
-1.56716	1.59382
-1.73185	2.01376
-1.80192	2.39638
-1.51482	1.96651
-1.35271	1.69467
-1.20347	1.49208
-1.00901	1.29682
-1.01487	1.34663
-0.919691	1.15612
-0.917804	1.12952
-1.01886	1.22946
-1.06639	1.28144
-1.16639	1.3586
-1.34539	1.64257
-1.52512	1.96365
-1.43806	1.62852
-1.41432	1.52173
-1.39169	1.53859
-1.3378	1.51912
-1.56288	2.11903
-1.63535	2.22473
-1.59816	2.05955
-1.66801	2.21199
-1.74536	2.40908
-1.64065	2.18246
-1.67798	2.32089
-1.67774	2.01248
-1.25118	1.29851
-1.23605	1.34445
-1.37832	1.63646
-1.58375	2.09577
-1.56409	2.0333
-1.85792	2.50675
-1.89799	2.48382
-1.8963	2.44014
-1.85572	1.96255
-1.92496	1.99645
-1.8254	2.01906
-1.8885	2.14419
-1.43019	1.1368
-1.07335	0.998727
-1.02874	1.01218
-0.953496	1.03264
-0.59132	1.07425
-0.488742	1.1123
-0.46936	0.632034
-1.64078	2.23445
-1.41227	1.79152
-1.83766	2.25949
-2.22632	3.43901
-2.33253	2.8542
-1.80825	1.70792
-1.59871	1.39902
-1.69877	1.52973
-1.12179	1.01294
-0.697887	1.13803
-1.01507	0.901544
-1.29965	1.03986
-1.77325	1.64532
-1.22883	0.866262
-1.18924	0.759783
-1.24361	0.793278
-1.4534	1.07191
-1.51114	1.13444
-1.50831	1.14616
-1.28138	0.884722
-1.18097	0.838862
-0.568555	0.920951
-0.52983	0.944579
-0.78763	0.816046
-1.15633	1.15589
-1.74821	1.89096
-1.64156	1.3939
-1.76986	2.01675
-1.43638	0.864186
-1.25548	0.686835
-0.328071	-0.418117
0.418514	-0.197449
0.637822	0.165166
0.885439	0.540574
1.29859	1.1379
1.26782	0.968477
1.13979	0.987725
0.953155	0.97229
0.715391	0.735615
0.312628	0.299325
-1.1379	0.804432
-1.03805	0.595909
-1.02141	1.02975
-1.24366	0.952294
-1.08384	0.90803
-1.25086	0.575896
-0.477485	-0.368463
0.155375	-0.418899
0.388009	0.131565
0.0967662	0.364852
-0.114503	0.527876
-0.297701	0.754059
-0.212579	0.549349
-0.187659	0.448577
-0.23248	0.492358
-0.942066	0.95028
-0.62486	0.880461
-0.799654	0.869373
-1.91484	2.20616
-2.24755	3.04057
-2.43502	3.54486
-2.29714	3.46205
-1.7746	2.38651
-1.85846	2.42032
-1.90301	2.36537
-1.69062	1.73531
-1.36713	0.98766
-1.08604	0.376975
-0.890584	0.170117
-0.850724	0.386987
-1.45848	1.39105
-1.88196	2.04962
-2.12167	2.6891
-1.96318	2.24294
-1.81035	1.88367
-1.79238	1.83381
-1.73153	1.56709
-1.64572	1.24774
-1.46538	1.2261
-1.35353	1.03273
-1.1629	0.956187
-0.938791	1.20701
-0.907858	1.26379
-0.719478	1.18061
-1.12723	1.07158
-1.91451	1.87393
-2.05574	2.47636
-1.95852	2.19346
-2.08606	2.53595
-2.1615	2.67012
-1.90257	2.01324
-1.48538	1.29228
-1.51965	1.21506
-1.3687	0.614057
-1.08406	0.337303
-1.18775	0.893066
-1.00241	1.04307
-0.966517	1.20697
-1.04367	1.14389
-0.891263	1.01828
-1.21462	1.50442
-1.11029	0.866671
-1.65977	1.88202
-1.95092	2.45312
-2.01148	2.76921
-1.77096	2.29996
-1.77811	2.40635
-1.62614	2.05568
-1.66713	2.12595
-1.72824	2.23033
-1.87353	2.49391
-1.98196	2.61871
-1.80744	2.28831
-1.86713	2.42524
-1.80752	2.04588
-1.92231	2.11574
-1.85691	1.72091
-2.04061	2.14384
-1.85203	1.66274
-1.7035	1.50112
-1.50868	1.04232
-1.4869	1.15573
-1.2358	1.08359
-1.11693	0.905204
-1.15802	0.863491
-1.18017	0.925229
-0.400133	0.823787
-0.449091	0.998652
-0.626127	1.09477
-0.54566	0.929598
-0.414655	0.888819
-0.5659	0.948465
-0.460308	0.883074
-0.689861	1.00783
-0.759139	0.854867
-0.744588	0.955622
-0.50188	0.78394
-0.479136	0.383336
-0.809452	0.642561
-1.03732	1.01551
-1.04996	0.846955
-1.1441	0.851777
-1.03222	0.494902
-0.614567	-0.0262036
-0.28933	-0.136596
-0.16856	-0.0348233
0.220366	0.195836
0.318292	0.293098
0.409074	0.482785
0.358478	0.795823
0.313904	0.60609
0.183514	0.521282
-0.0164612	0.641134
-0.00469286	0.40109
-0.0868302	0.74753
-0.0464226	0.713707
-0.329509	0.702392
-1.29182	0.978485
-2.01615	2.27143
-1.88761	2.06725
-1.88833	2.09824
-1.89221	2.00791
-1.95164	1.92088
-1.96189	1.81715
-0.775498	0.0277088
-0.0729529	-0.291864
0.229077	0.194705
0.457741	0.394483
0.617215	0.183809
0.558103	0.471216
0.0652603	0.196924
-0.937833	0.232672
-1.17513	0.840482
-1.29472	1.3089
-1.05516	0.895814
-1.35062	1.37483
-1.6149	2.09823
-1.64821	2.1269
-1.79418	2.27771
-1.74971	2.06077
-1.75327	1.81869
-1.82779	1.85093
-1.85278	1.92029
-1.7985	2.08947
-1.91946	2.36224
-1.87414	2.19194
-1.79562	1.87012
-1.88775	1.96808
-1.86545	1.70878
-1.87281	1.5088
-1.87432	1.63333
-1.41816	1.12271
-1.18482	0.659991
-1.3739	1.19573
-1.52588	0.998742
-1.79939	1.56658
-2.20999	2.53537
-2.37095	2.92341
-2.2757	2.68129
-2.10684	2.18296
-2.01671	1.92904
-2.01476	1.84496
-2.16796	2.21947
-1.85589	1.45026
-1.62411	1.27027
-0.728434	0.66259
-0.385929	0.817535
-0.146455	1.01347
0.0496461	1.06789
0.153758	1.08854
0.0627928	1.16146
0.141112	1.09681
-0.345678	0.91852
-0.424575	1.10008
-0.864803	1.11157
-0.95265	0.920416
-1.03128	1.0416
-1.04617	1.0752
-1.04833	1.05943
-1.26257	1.24284
-1.53796	1.51357
-1.69425	1.56488
-1.80504	1.41717
-1.96521	1.74027
-1.93262	1.66556
-2.17229	2.02779
-2.0051	1.78475
-1.89826	1.45987
-1.85266	1.53141
-1.87422	1.8353
-1.82566	2.10509
-1.68283	2.02028
-1.48909	1.27636
-0.950028	0.819179
-0.362762	0.697018
-0.734216	0.759655
-1.84426	2.21417
-1.74373	2.11739
-1.74611	2.15443
-1.54481	2.02452
-1.72228	2.44565
-1.53696	2.20215
-1.42038	1.98723
-1.25844	1.70995
-1.13455	1.47952
-0.820241	0.979766
-0.455767	0.472244
-0.192356	0.236193
-0.06104	0.144437
-0.18499	0.292024
-0.566489	0.563851
-0.923945	0.857223
-1.03482	0.987271
-1.04622	0.816793
-1.17749	0.942016
-1.31121	1.12737
-1.3012	1.04822
-1.28657	0.923493
-1.27903	1.05126
-1.12664	0.806723
-0.627884	0.0840948
-0.00509031	0.220003
0.478903	0.431205
0.787997	0.630296
0.742663	0.570331
0.874446	0.559499
0.898137	0.752009
1.04613	0.743481
0.946559	0.687495
0.781746	0.458237
0.338714	0.293843
-0.262065	0.320057
-0.948417	0.847593
-1.70289	1.89973
-1.91757	2.28991
-1.85922	2.2589
-1.61605	1.98241
-1.65297	1.96687
-1.79142	2.34878
-2.01067	2.55136
-2.09004	3.06274
-2.20148	3.09518
-2.25513	3.22393
-2.47862	3.58456
-2.25156	2.82532
-2.21721	2.60246
-2.05199	2.15108
-1.99934	1.97588
-1.51725	1.11096
-1.20142	0.700375
-1.20371	0.911348
-1.15379	0.934924
-1.20767	1.37494
-0.970964	1.08953
-0.793525	1.09593
-0.790677	1.05837
-0.70545	0.892787
-0.62754	1.03705
-0.487638	1.07525
-0.732917	1.05197
-0.533799	1.08473
-0.706556	0.719509
-0.776256	1.10029
-0.597479	0.984371
-0.435588	1.01401
-0.693635	1.12543
-0.631015	1.01056
-0.57881	0.857217
-0.692698	0.938421
-1.04377	1.29479
-1.22131	1.11402
-1.69333	1.34645
-1.5595	1.12328
-1.54111	1.12847
-1.64212	1.48086
-1.68819	1.38981
-1.32925	0.809597
-0.921922	0.771213
-0.999333	0.975399
-0.814985	0.657454
-0.95888	0.803875
-0.934794	0.750456
-0.79219	0.396347
-0.765746	0.0568027
-0.531232	0.0857116
-0.395088	0.169067
-0.0488817	0.267804
0.0987633	0.412358
0.249312	0.491707
0.562905	0.62845
0.38968	0.407495
0.551887	0.557451
0.510575	0.483371
0.474324	0.710771
0.168173	0.458615
-0.552525	0.443978
-1.2627	1.37223
-1.59074	1.92732
-1.56748	1.90681
-1.69837	2.37979
-1.61838	2.27445
-1.5066	2.02315
-1.55397	2.11214
-1.51014	1.92231
-1.62237	1.98914
-1.9403	2.42717
-1.97532	2.53167
-2.03362	2.55055
-2.1246	2.80995
-2.07689	2.63216
-1.93616	2.23278
-2.06801	2.57545
-1.973	2.37409
-2.05472	2.43024
-1.97532	2.29642
-1.1922	0.609721
-0.261634	-0.177996
-0.749614	0.0901577
-0.082757	0.366938
0.116033	0.19339
-0.262934	0.223001
-0.549251	0.396015
-0.530209	0.275915
-0.197675	0.0738461
0.0572386	-0.122125
-0.304015	-0.0640406
-1.12256	1.03417
-1.30882	1.76941
-1.45368	1.98517
-1.57711	2.21446
-1.69749	2.38143
-1.90775	2.70683
-2.0512	2.76845
-2.18601	2.81729
-1.9357	1.94267
-1.17552	0.768094
-0.325967	0.633485
0.119547	0.90036
0.362494	1.16809
0.1176	1.11156
0.365735	0.912805
0.364364	0.903288
0.12588	0.8478
-1.22428	1.14878
-0.598328	0.70348
-0.168297	0.411038
-0.0675587	0.359522
-0.190235	0.4375
-0.621374	0.512688
-1.30155	0.838175
-1.26417	0.991634
-0.945676	0.859284
-0.548246	0.796821
-0.452275	0.858433
-0.652272	0.943553
-0.77383	0.936568
-1.41717	1.6421
-1.71251	1.98321
-1.94205	2.43161
-2.01922	2.56598
-1.97294	2.28175
-2.26507	3.27363
-2.01823	2.90523
-1.83563	2.44291
-1.90976	2.57979
-2.02285	2.75975
-1.89945	2.50894
-1.85121	2.3539
-1.84259	2.33189
-1.9039	2.14001
-1.9366	2.12628
-2.10097	2.31956
-1.82799	1.66195
-1.92605	1.93555
-1.81748	1.61425
-1.92093	2.02633
-2.00774	2.34323
-1.71509	1.82846
-1.73966	1.87458
-1.64366	1.58151
-1.58371	1.16526
-1.66246	1.37638
-1.62465	1.3552
-1.49732	1.16711
-1.53406	1.16652
-1.08997	0.832279
-1.28032	1.09592
-0.923475	0.857475
0.377441	1.48861
0.319	1.39014
-0.0390159	0.446367
-0.0446228	0.0624369
-0.343644	0.198421
-0.772035	0.220405
-0.547146	0.58996
-0.912368	0.970292
-1.52406	1.9739
-1.36908	1.71814
-1.24784	1.58857
-1.04249	1.1226
-0.922108	0.707673
-1.10548	0.909459
-1.00203	0.950228
-0.900321	0.920795
-0.776336	0.983327
-0.910977	0.999682
-0.809445	1.08355
-0.950555	1.00009
-0.868285	0.91323
-0.367282	0.965962
-0.614125	0.909671
-0.790931	0.810627
-1.53117	1.63796
-1.64545	1.68265
-1.79214	2.22593
-1.85163	2.48905
-2.09491	2.90114
-2.16133	2.5751
-1.82185	1.57267
-1.11901	0.467454
-0.212601	0.138028
0.153461	0.408339
0.0569611	0.465954
0.0652216	0.428979
-0.037399	0.424053
-0.144663	0.648404
-0.425194	0.674887
-0.0906353	0.593508
0.109477	0.359508
0.293427	0.411503
0.51891	0.248827
0.484447	0.355376
0.385325	0.323521
-0.264756	0.216063
-1.62878	1.94785
-1.59879	1.95754
-0.969717	1.22533
-1.25373	1.34488
-2.08774	2.44151
-2.38071	3.25351
-2.37	2.85939
-2.22205	2.32047
-1.99279	1.65823
-2.04704	1.60035
-2.08287	1.57205
-2.11445	1.96377
-2.15046	2.15074
-2.10716	2.1431
-2.03928	2.05093
-2.11655	2.39243
-2.0373	2.32316
-1.89559	2.12483
-1.97076	2.39573
-2.01193	2.58805
-2.03713	2.43281
-2.07395	2.5772
-2.06082	2.56202
-2.065	2.61769
-2.09367	2.59545
-2.1464	2.72676
-2.10946	2.70528
-2.06263	2.64724
-2.0035	2.4857
-1.86717	2.06686
-1.44421	1.42793
-1.12603	1.11407
-0.896973	0.832827
-0.986535	0.723522
-0.99951	0.840816
-0.901073	1.08296
-1.00538	1.14949
-0.451503	0.665659
-0.309649	0.677469
-0.360998	0.799807
0.0561889	0.669595
0.421807	0.480593
0.485427	0.42947
0.11821	0.450005
0.319631	0.472093
0.287002	0.22683
0.282806	0.39689
0.626891	0.460525
0.619145	0.413272
0.286222	0.245414
0.109249	0.138632
0.305934	0.0142176
0.188085	0.161688
0.233389	0.298848
-0.12304	0.245231
-0.516178	0.578695
-0.597007	0.876056
-0.374493	0.812281
-0.570943	0.897191
-0.612417	0.999323
-0.610521	0.743683
-0.394866	0.676829
-0.58624	0.915269
-0.695946	1.05011
-0.457766	0.805493
-0.699014	0.956489
-0.632172	0.977081
-0.6577	0.554552
-0.598248	0.914563
-0.491337	0.797863
-0.58223	0.996863
-0.582026	1.00826
-0.613794	0.991626
-0.561003	0.81885
-0.619416	0.851114
-0.671012	1.05934
-0.417548	1.11177
-0.671949	0.969538
-1.00594	0.899572
-1.56745	1.09385
-1.67454	1.30115
-1.63974	1.35032
-0.70736	0.137586
-0.765963	0.350027
-1.55939	1.39826
-1.53342	1.27575
-1.54606	1.16729
-1.46976	0.842164
-1.46608	0.829237
-1.36885	0.497458
-1.41526	0.599256
-1.25818	0.592941
-1.01461	0.323266
-0.621279	0.233523
-0.421226	0.224663
-0.116569	0.253365
-0.108064	0.165132
-0.0156345	0.145754
-0.0581331	0.14119
-0.0173007	0.236641
-0.363555	0.228203
-1.18428	0.630804
-1.62778	1.19705
-1.83708	1.61736
-1.85025	1.62869
-1.82232	1.73717
-1.84591	1.96948
-1.93833	2.40058
-2.11095	2.8372
-1.9532	2.33673
-2.24794	3.02444
-2.11173	2.50127
-2.11212	2.50064
-2.00158	2.16224
-1.77979	1.84156
-2.05664	2.11721
-2.01893	1.99527
-1.90584	1.62612
-1.51575	0.632056
-0.545404	-0.463715
-9.87511e-05	-0.473507
0.158039	-0.249403
-0.1815	-0.415122
-0.79584	-0.227954
-1.17522	0.272886
-1.38148	0.73811
-1.3835	0.567309
-1.5795	1.02265
-1.61433	1.03148
-1.56781	1.05375
-1.68752	1.38568
-1.5132	1.00105
-1.25968	0.574942
-0.745347	0.161137
-0.00622003	-0.00653187
0.240095	0.225065
0.429334	0.0988891
0.63912	0.26208
0.921885	0.846525
0.728544	0.420859
0.456487	0.425101
0.238663	0.283111
0.158944	0.392916
-0.0328769	0.638719
-0.460562	0.686109
-0.539904	0.675817
-0.407345	0.49107
-1.11291	0.908634
-0.976176	0.99562
-1.61187	2.12027
-1.20845	1.49672
-0.950448	1.19402
-1.11891	1.40769
-1.43788	1.90644
-1.30604	1.44704
-1.12394	0.998206
-1.0527	0.756699
-1.03962	0.648798
-1.08899	0.521928
-1.15691	0.55345
-1.2147	0.729436
-0.965144	0.359699
-0.976301	0.302937
-0.759527	0.0300183
-0.688089	-0.0277191
-0.523668	-0.189375
-0.924706	0.381977
-1.17386	0.957123
-1.00936	0.763152
-1.36557	1.16663
-1.57464	1.34467
-2.03337	2.18515
-2.01188	2.07312
-1.99392	2.10007
-2.11069	2.28284
-2.20161	2.44574
-2.32277	2.92625
-2.45196	3.30213
-2.21674	2.60062
-2.62195	3.48238
-2.44865	2.67538
-2.16291	1.87152
-2.11234	1.90071
-2.00806	1.61104
-1.92605	1.47409
-1.91515	1.47455
-1.9126	1.55994
-2.09834	1.94118
-2.20699	2.24501
-2.1623	2.4043
-2.14359	2.6114
-2.05677	2.57719
-2.14163	3.03388
-1.90395	2.58299
-1.699	2.22649
-1.97893	2.87554
-2.03114	2.44439
-2.02556	2.19842
-2.11766	2.21932
-1.76578	1.55617
-1.65929	1.26139
-1.8565	1.83125
-1.81042	2.05553
-1.72754	2.16944
-1.77682	2.33342
-1.79884	2.51899
-1.85709	2.64732
-1.58327	1.78207
-1.98602	2.48921
-1.84914	2.15217
-2.0913	2.49318
-2.18117	2.88702
-2.10876	2.92158
-1.8876	2.28322
-1.70293	1.90958
-1.59604	1.7003
-1.45782	1.723
-1.29928	1.25835
-0.488298	0.706674
-0.696394	0.87461
-0.911563	1.14064
-0.843478	1.15284
-0.76894	1.27007
-0.789812	1.08872
-0.840324	1.30237
-0.508727	0.936487
-0.519534	1.02679
-0.511787	1.20729
-0.675537	0.96001
-0.762802	1.18866
-0.814343	1.3667
-0.574517	1.17875
-0.610712	0.917735
-0.65406	1.20301
-0.483236	0.838922
-0.871983	1.30557
-0.650578	1.13824
-0.559478	0.899901
-0.50065	1.14112
-0.493101	1.13197
-0.55459	1.118
-0.584331	1.10259
-0.481253	0.921583
-0.545649	1.0878
-0.80157	0.934982
0.0954995	1.13213
0.0614644	0.897883
-0.18177	0.434925
-0.814901	0.778565
-1.85524	1.68059
-1.88998	1.58689
-1.7651	1.32352
-2.01548	1.83199
-1.97784	1.78059
-1.97721	1.92593
-1.8857	1.70496
-1.9777	1.9599
-1.8694	1.72656
-1.69688	1.46811
-1.75874	2.11723
-1.63554	1.94077
-1.7063	2.12715
-1.75827	2.22735
-1.70537	2.01667
-1.74838	2.07652
-1.75793	2.02034
-1.75441	1.94734
-1.32453	1.17321
-1.4682	1.46574
-1.31432	1.31257
-1.02079	0.978859
-0.859187	0.801552
-1.24683	1.50496
-1.42467	1.91068
-1.3195	1.75682
-1.29715	1.65038
-1.44875	1.85109
-1.46528	1.85076
-1.56125	2.01408
-1.4245	1.69873
-1.44315	1.66487
-1.41899	1.46649
-1.56245	1.53792
-1.7372	1.69797
-1.94103	2.10901
-1.71813	1.49307
-1.69812	1.58999
-1.35005	1.38628
-1.09393	1.16113
-1.11837	1.11677
-0.913094	1.15909
-0.914403	1.18431
-0.72027	1.02422
-0.697334	1.07002
-0.92759	0.723538
-1.69135	1.8616
-1.96035	2.4945
-1.76774	2.55123
-1.38004	1.30795
-1.78957	2.29634
-1.60314	1.93145
-1.67936	1.94903
-1.79635	2.27886
-1.79298	2.21042
-1.73973	2.36314
-1.62041	2.15398
-2.32058	3.56141
-2.19624	2.89492
-2.13997	2.69608
-2.08923	2.40677
-2.00777	2.30674
-1.83801	1.80036
-2.03643	2.28762
-1.5547	1.48845
-1.28812	1.23096
-1.30816	1.3227
-1.2253	1.18772
-0.854295	0.860462
-0.858421	0.996717
-0.429276	0.910054
-0.389534	0.63799
-0.302433	0.41737
0.0746908	0.582442
-0.0518625	0.630253
-0.336388	0.454033
-0.389802	0.26145
-0.412876	0.23831
-0.831549	0.351401
-0.897821	0.590799
-1.04886	0.937917
-1.13866	1.26146
-0.894295	0.918316
-0.810692	0.778073
-0.897736	0.810206
-0.953904	0.814587
-1.16045	1.0269
-1.4588	1.58649
-1.83432	2.23441
-1.82708	2.02119
-1.89809	2.09131
-1.74966	1.78717
-1.87463	2.03225
-1.79003	1.66624
-1.64702	1.50705
-0.941079	0.583865
-0.387886	0.333162
0.000540733	0.531078
0.197312	0.545134
0.328466	0.634898
0.482679	0.423031
0.475808	0.55371
0.42299	0.578267
0.276969	0.410912
-0.0436162	0.540591
-0.732677	0.968485
-1.21634	1.2412
-1.56952	1.71406
-1.49716	1.52267
-1.35941	1.31326
-1.49014	1.48822
-1.58691	1.7697
-1.70627	1.83333
-1.56361	1.65272
-0.876677	0.428236
-0.570988	-0.203195
-0.899244	0.109158
-1.58598	0.90831
-1.69857	1.24547
-1.38598	1.22948
-1.12107	1.08356
-1.0027	1.04619
-0.740626	0.785787
-0.988124	1.18217
-0.728844	1.02956
-0.714648	1.05875
-0.692167	1.19658
-0.763275	1.26903
-0.777515	1.2555
-1.00149	1.38774
-1.43533	1.56899
-1.61857	1.43698
-1.68438	1.61424
-1.88375	2.13179
-2.01107	2.60102
-1.93521	2.39374
-2.00094	2.53052
-1.93609	2.2905
-2.03879	2.62423
-2.05024	2.76567
-2.12424	2.98178
-1.89271	2.26507
-1.35952	0.958212
-0.792847	0.155708
-0.323827	-0.223286
-0.623865	0.179351
-1.10595	1.00218
-1.0329	0.977907
-0.676367	0.583064
-0.49597	0.494119
-0.773375	0.376995
-0.569655	0.185084
-0.505841	-0.189201
-0.621082	-0.0869893
-0.870671	0.438934
-0.779301	0.383481
-0.921034	0.361403
-1.17686	0.895773
-0.797729	0.627653
-0.654221	0.69271
-0.683761	0.725385
-0.69953	1.1103
-0.654777	1.04464
-0.563326	1.16049
-0.44653	0.828411
-0.50406	1.07042
-0.569997	0.876422
-0.654927	1.01939
-0.518025	1.07981
-0.698357	1.00646
-0.724425	1.04625
-0.713484	0.90239
-0.718504	0.663007
-0.575474	0.49399
-0.350684	0.685198
-0.751459	0.906968
-0.918705	1.10743
-0.688056	1.00276
-0.380619	0.894684
-0.620247	0.984882
-0.672441	1.06698
-0.752398	1.22839
-0.521418	0.945427
-0.577284	0.910756
-0.413227	0.950552
-0.436952	1.02617
-0.615789	1.07688
-0.525498	0.863643
-0.733396	0.828972
-0.405789	0.875601
-0.603348	0.998388
-0.535956	0.814844
-0.477777	0.910872
-0.637226	1.05675
-0.511652	0.900611
-0.604188	1.04507
-0.950139	1.01468
-1.24799	0.963716
-1.51626	1.34518
-1.53486	1.84353
-1.09566	1.67727
-1.55167	2.23628
-1.67184	2.48861
-1.49629	2.37946
-1.20098	1.87277
-1.13989	1.71723
-1.42363	2.03973
-1.52438	2.04743
-1.44803	1.46219
-1.29506	1.35995
-1.15525	1.14367
-1.15209	1.51321
-1.05475	1.38888
-0.412763	1.19293
-0.505515	1.12888
-1.17414	1.21095
-1.05595	1.0953
-0.908976	0.705024
-0.965826	0.724499
-1.07331	0.820826
-1.20261	0.914503
-1.46078	1.17789
-1.479	0.911993
-1.4358	0.950202
-1.3108	1.03153
-0.902694	0.704895
-0.381318	0.669107
-0.615125	0.872516
-0.885238	1.14639
-1.35458	1.12625
-1.53749	1.65166
-1.35806	1.20403
-1.38279	1.24194
-1.37435	1.21462
-1.31331	0.994247
-1.34422	0.962802
-1.38282	1.07608
-1.0586	0.310373
-0.552999	-0.200571
-0.268799	-0.293857
-0.112949	-0.145481
-0.440703	0.0471919
-1.07217	1.02615
0.0444614	0.259155
-0.323202	0.363714
-0.784451	0.498724
-1.45344	1.01489
-1.52315	1.02701
-1.56328	0.933005
-1.53396	0.962511
-1.01519	0.22244
-1.44658	0.728696
-1.57992	1.03729
-1.76207	1.50793
-1.90214	1.95636
-1.83863	1.79675
-1.75869	1.56419
-1.8317	1.69524
-2.00349	1.9915
-2.01452	2.04079
-1.93722	1.72837
-1.26991	0.542293
-1.09882	0.499429
-0.565331	0.223848
-0.109898	0.182529
0.222207	0.161911
0.419191	0.147905
0.655008	0.444334
0.841453	0.546961
0.352387	0.477
0.265027	0.519976
0.243805	0.709245
-0.148957	0.406309
-0.839735	0.694247
-0.768422	0.717119
-0.818347	0.49801
-0.75454	0.523622
-0.684664	0.547159
-0.686003	0.602042
-0.579322	0.526257
-0.703224	0.673467
-0.856426	0.900491
-0.824967	0.827012
-0.890438	0.955087
-0.937841	1.03962
-1.01625	1.14628
-0.963149	1.15411
-0.853176	1.02286
-0.89168	1.0823
-0.948932	1.11906
-1.01658	1.18149
-1.09051	1.23703
-1.19249	1.28554
-1.36448	1.42251
-1.58599	1.9025
-2.00226	2.8638
-1.91022	2.56312
-1.71596	2.03438
-1.88209	2.49384
-1.82562	2.3319
-1.86475	2.3803
-1.8932	2.56237
-2.06833	2.94115
-1.93446	2.55016
-2.04018	2.78954
-2.09755	2.99391
-1.5405	1.85045
-1.53052	1.74178
-1.67633	1.95122
-1.63178	1.69176
-1.73934	1.77523
-1.79365	1.66013
-1.63775	1.25079
-1.31864	0.527699
-0.926094	0.169962
-0.462933	-0.19494
-0.299917	-0.209631
0.106778	-0.181316
-0.24544	0.0586125
-0.49352	-0.0600084
-1.10622	0.850141
-1.35452	1.32122
-1.32401	1.43239
-1.19927	1.33488
-1.31262	1.52231
-1.30708	1.48129
-1.34309	1.28836
-0.615849	-0.049634
-0.122469	-0.122587
-1.00488	0.621714
-1.39192	1.30939
-1.50768	1.46076
-1.50325	1.24347
-1.60529	1.32174
-1.60684	1.15785
-1.82816	1.61291
-1.76841	1.57233
-1.75963	1.54272
-1.8051	1.61602
-1.84155	1.66477
-1.8281	1.64254
-1.75706	1.54477
-1.82901	1.72023
-1.76532	1.6908
-1.7387	1.70765
-1.63271	1.62731
-1.50489	1.48991
-1.53542	1.59681
-1.65382	1.81452
-1.75215	2.0157
-1.75714	1.9777
-2.00979	2.43198
-2.02328	2.25151
-1.97908	2.00296
-1.86337	1.84083
-0.973385	0.33389
-0.349949	0.141243
0.0676549	-0.0446956
0.275439	-0.155118
0.56716	0.375408
0.508945	0.538087
0.340641	0.500673
0.300878	0.647643
-0.0430055	0.546043
-0.777858	0.740684
-1.51554	1.00177
-2.06456	2.01379
-1.90825	1.92218
-1.96249	2.04617
-1.77563	1.52613
-1.80456	1.64367
-1.61764	1.23945
-1.65283	1.34537
-1.56173	1.16458
-1.44625	0.911856
-1.4895	1.13397
-1.29422	0.814201
-1.23087	0.975198
-1.21916	1.05073
-0.793958	0.76369
-0.824873	1.01285
-0.841619	0.963958
-0.451962	0.751312
-0.408986	0.544446
-0.603682	0.348754
-0.856528	0.487879
-0.936609	0.510525
-1.3811	1.18001
-1.79222	1.72831
-1.86683	2.01395
-1.99883	2.28318
-2.06046	2.4516
-1.94435	2.05291
-1.99349	2.11348
-1.89185	1.70247
-1.71957	1.42869
-0.960549	0.777779
0.195751	0.105912
0.204748	0.0593963
0.169407	0.204618
0.310815	0.43104
0.134588	0.417185
0.159867	0.551739
0.155325	0.645913
-0.13636	0.59555
-0.332607	0.573589
-0.467461	0.584842
-0.483013	0.767962
-0.643186	0.713186
-0.718701	0.566851
-1.54727	1.48229
-0.620063	0.453294
0.494363	0.386075
0.767093	0.282634
-0.0658576	-0.320575
-1.20854	1.25291
-1.26767	1.28574
-1.33134	1.36261
-1.29244	0.969184
-1.19022	0.845997
-0.499433	0.0819817
0.0969274	-0.19188
0.115602	0.0199686
0.463259	0.301746
0.508239	0.266996
0.392402	0.200692
0.387555	0.207387
-0.0382837	0.23774
-0.592191	0.474366
-1.12119	1.18575
-1.03939	1.18387
-0.974246	1.19751
-1.5009	1.6151
-1.77387	2.28826
-1.8031	2.26261
-1.97984	2.61133
-1.91129	2.67396
-2.20876	2.95746
-2.09728	2.84321
-1.55174	1.86802
-1.23168	1.01456
-2.15231	2.76446
-2.30383	3.45522
-1.70898	2.04924
-1.81523	1.87677
-1.82746	2.35328
-1.84016	2.32892
-1.7719	1.84662
-1.72281	1.75444
-1.75536	1.54608
-1.73478	1.53142
-1.5619	1.01593
-1.5922	1.18014
-1.39791	0.710012
-1.55132	1.31893
-1.3162	1.08264
-0.918992	0.590673
-0.830656	0.719366
-0.0347494	0.122785
0.258078	-0.0177992
0.908619	0.471045
0.818113	0.546285
0.813173	0.487593
0.686587	0.410606
0.650132	0.440478
0.727189	0.483614
0.55127	0.3872
0.762055	0.584214
0.615516	0.507906
0.310966	0.571612
0.0549203	0.411887
-0.639581	1.05495
-0.617451	0.955113
-0.641416	0.946492
-0.650419	0.90844
-0.595641	1.06666
-0.641176	0.987214
-0.491878	0.885459
-0.438544	0.769358
-0.490037	0.967244
-0.464929	0.998104
-0.30075	0.985959
-0.530099	1.07896
-0.518041	0.841754
-0.541229	0.982234
-0.740244	1.05409
-0.550545	0.808826
-0.679731	1.2206
-0.762285	0.952872
-0.593651	0.949741
-0.635331	1.10168
-0.50393	0.831353
-0.530995	0.886741
-0.621824	0.812588
-0.833058	0.570096
-1.24796	0.707372
-1.16602	0.84934
-0.265184	-0.297837
0.0246358	-0.38605
0.090193	-0.288937
0.0108007	-0.232718
-0.0427043	-0.155082
0.0379469	-0.056746
-0.245541	0.0336272
-0.244779	0.240417
-0.540377	0.55777
-1.06539	1.31285
-1.35184	1.73643
-1.6274	2.18883
-1.7582	2.06873
-2.02562	2.39139
-1.98397	2.21528
-1.76765	2.08016
-1.81229	2.06982
-1.75214	1.85763
-1.80224	2.03676
-1.56676	1.32684
-1.43617	0.781659
-2.35553	3.00771
-1.93393	1.77974
-1.82948	1.47559
-1.74691	1.23905
-1.7087	1.1109
-1.70048	1.05502
-1.76424	1.13819
-1.7881	1.2081
-1.72394	1.2409
-1.70049	1.44523
-1.72692	1.56061
-1.40979	1.21653
-1.19695	0.877321
0.295085	0.544488
-0.0801823	0.812397
-0.600901	0.817321
-0.618894	0.621583
-1.59796	1.14987
-1.25672	0.496614
-1.00452	0.086045
-1.00138	0.0893687
-1.04104	0.142535
-1.10538	0.134631
-1.43323	0.885497
-1.63945	1.22107
-1.31989	1.17713
-1.25082	1.21773
-0.302718	0.315572
-0.238195	0.401773
-0.426021	0.836644
-1.04598	1.17218
-1.15651	0.884127
-1.622	1.5318
-1.86067	2.02887
-1.46365	1.40992
-1.43678	1.35851
-1.41895	1.32367
-1.43719	1.36479
-1.54226	1.85089
-1.43437	1.68104
-1.67763	2.16817
-1.90964	2.61608
-1.9339	2.5045
-2.19084	3.0702
-1.98706	2.48839
-2.06116	2.66127
-2.01074	2.64738
-1.92126	2.47364
-1.82498	2.30338
-1.88427	2.52714
-1.97875	2.78616
-1.74269	2.11706
-1.84028	2.41343
-1.71897	2.16121
-1.66063	2.01149
-1.58919	1.81728
-1.53283	1.57034
-1.63195	1.679
-1.70408	1.39862
-1.63922	1.06471
-1.60241	1.01022
-1.48233	0.7803
-1.43767	0.720125
-1.4447	0.713357
-1.44674	0.679084
-1.50454	0.827355
-1.52152	0.82379
-1.61016	0.997805
-1.69804	1.21486
-1.87417	1.68241
-1.70935	1.31423
-1.64735	1.31745
-1.67172	1.50385
-1.36811	1.01546
-1.24051	0.733191
-1.38096	1.0218
-1.65866	1.59842
-1.76844	2.09861
-1.85556	2.36307
-2.01019	2.86464
-1.68965	2.19423
-1.50444	1.78155
-1.46153	1.60563
-1.4282	1.50488
-1.24435	1.05975
-1.23106	0.948057
-1.49486	1.3266
-1.62265	1.52077
-1.58654	1.41549
-2.08895	2.43175
-1.99454	1.98887
-1.76437	1.66471
-1.84055	1.69796
-1.73803	1.53429
-1.55216	1.33406
-1.72368	1.56983
-1.54534	1.4608
-1.67895	1.42932
-1.44875	1.35051
-1.51172	1.25543
-1.32843	1.18116
-1.72629	1.74324
-1.5553	1.60332
-1.67071	1.93109
-1.64483	1.97751
-1.7171	2.13511
-1.68376	2.08339
-1.88177	2.42562
-2.21547	3.22536
-2.49755	3.96233
-2.39534	3.58283
-2.23136	3.21684
-1.86116	2.30988
-1.98421	2.31748
-2.13819	2.72881
-1.92262	2.1529
-1.81898	1.63803
-1.75279	1.32347
-1.59829	1.29928
-1.4041	1.14373
-0.676623	0.277666
0.279615	0.188805
0.40414	0.449692
0.530086	0.67279
0.457298	0.504489
0.45274	0.433154
0.465761	0.565359
0.436749	0.600901
0.465178	0.530741
0.275964	0.648722
-0.129797	0.579943
-0.633608	0.496874
-1.07471	0.387924
-1.13114	1.18017
-0.844889	0.800016
-0.987392	0.850736
-1.09544	0.981629
-1.29334	1.42356
-1.40406	1.18611
-1.71015	2.04362
-1.72011	1.5912
-1.42785	1.07645
-0.784484	0.485718
-0.384743	0.408055
0.0674506	0.29463
0.319874	0.30853
0.538139	0.431516
0.335867	0.58016
0.26774	0.790526
-0.329028	0.727561
-0.888974	1.07942
-0.700863	0.818161
-0.698257	0.765435
-0.736166	0.912171
-0.543749	0.674495
-0.635892	0.599399
-0.163807	0.746414
-0.875323	1.17795
-1.59255	1.76751
-1.93864	1.50608
-2.07215	2.1252
-1.90813	2.03414
-2.0099	2.48221
-2.16848	2.9187
-2.21447	2.93856
-2.01594	2.36708
-1.97786	2.10678
-1.823	1.83732
-1.79464	2.04213
-1.82266	2.11004
-1.74481	1.86255
-1.20893	1.10467
-0.518017	0.414576
-0.18211	0.35914
-0.0252512	0.40173
0.178772	0.576191
0.299669	0.591349
0.354262	0.37188
0.147936	0.149886
-0.0201013	0.539405
-0.121653	0.328445
-0.486745	0.403515
-1.01039	0.64747
-0.977121	0.806591
-0.892343	0.626235
-1.13231	0.742607
-1.21992	0.872251
-1.17483	1.01454
-1.27519	1.18368
-0.89502	0.86693
-0.794531	0.974013
-0.728233	0.919733
-0.658675	0.809857
-0.683217	0.900817
-0.687257	1.04886
-0.688752	0.908548
-1.40342	1.2641
-1.4515	1.2577
-0.9042	0.944813
-1.47973	1.17767
-1.17706	1.01938
-1.37867	1.12173
-1.78826	1.51302
-2.26027	2.19462
-2.33544	2.55296
-2.21302	2.17697
-2.0157	1.68566
-1.98224	1.72695
-2.04766	2.07276
-1.883	1.61728
-1.90513	1.6772
-1.67685	1.26544
-1.63858	1.28389
-1.20301	1.0148
-1.02284	1.0899
-0.847338	1.10266
-0.618766	0.552243
-0.474768	0.859548
-0.244938	1.04834
-0.488677	1.00831
-0.628034	0.96052
-0.768239	0.905165
-1.03152	1.12736
-1.33249	0.99261
-1.90355	1.99013
-2.00181	1.91656
-1.89641	2.10865
-1.93255	2.51702
-1.7043	1.94571
-1.77474	1.90283
-2.16086	2.3178
-2.08235	1.7994
-2.0268	1.67073
-2.08021	1.80996
-1.90393	1.43884
-2.06887	1.8399
-1.89377	1.42486
-1.90136	1.5532
-1.92128	1.46399
-1.67042	1.1739
-1.73828	1.43089
-1.3819	1.26301
-1.2093	0.950943
-1.19298	0.952724
-1.25821	0.82373
-1.27714	0.923977
-1.29262	1.07405
-1.08356	0.880323
-1.16394	1.11767
-0.780921	0.821215
-0.878749	1.07948
-0.808056	0.988448
-0.684175	0.970182
-0.54007	0.915292
-0.676559	1.06334
-0.571663	1.01563
-0.576404	1.06243
-0.646262	1.22822
-0.678858	1.10906
-0.506714	1.07279
-0.520818	0.930929
-0.572447	0.90946
-0.427498	0.914552
-0.570466	0.972898
-0.769516	1.28672
-0.620547	1.00526
-1.4923	1.60154
-1.40626	1.66535
-1.34246	1.47789
-1.76665	1.91357
-1.51178	1.48856
-1.37842	1.39671
-1.33578	1.26624
-1.51713	1.5692
-2.0875	3.16057
-1.98383	2.52379
-1.7572	1.98663
-1.89898	2.17956
-1.89337	2.00652
-1.92728	2.04069
-2.0163	2.19346
-2.02332	2.26101
-2.05198	2.40491
-1.89845	2.18191
-1.72286	1.95436
-1.3983	1.44516
-1.3094	1.38892
-1.37992	1.57017
-1.46344	1.75729
-1.6113	2.09642
-1.77155	2.33431
-2.00883	2.64941
-2.2192	3.24527
-1.80788	1.8361
-1.78496	1.72264
-1.85996	1.76282
-1.83788	1.67334
-1.95382	1.99866
-0.293975	0.0794249
-0.192031	0.261462
0.269895	-0.228946
0.513964	-0.189094
0.381094	-0.0771255
0.309295	0.246224
0.065181	0.325889
-0.599366	0.0447857
-1.09117	0.311307
-1.28834	0.660831
-1.11287	0.196973
-1.07331	0.137159
-0.875369	-0.0814797
-0.982292	0.0834972
-0.87719	-0.142903
-0.714799	-0.38075
-0.531942	-0.513921
-0.397333	-0.783145
-0.701261	-0.4841
-0.625207	-0.481746
-0.724216	-0.314465
-1.05782	0.128597
-1.17593	0.481227
-0.905739	0.159793
-0.844595	0.240109
-1.21523	0.976379
-1.34691	1.15228
-1.74954	1.99879
-1.64867	1.73322
-1.64079	1.93399
-1.61158	2.17047
-1.43992	1.94762
-1.26581	1.59194
-1.26033	1.67215
-1.11087	1.42159
-0.953346	1.15104
-0.97445	1.13207
-1.04718	1.17279
-0.791439	0.830197
-0.555466	0.61706
-0.387035	0.46964
-0.394717	0.494501
-0.410456	0.574632
-0.524353	0.715311
-0.69015	0.915816
-1.12273	1.39694
-1.1584	1.34278
-1.58664	1.72936
-1.74719	1.80573
-1.82419	1.93373
-2.00169	2.01041
-2.14319	2.19552
-2.0325	2.01835
-1.96301	1.52258
-2.07565	1.76428
-2.32371	2.53522
-2.07792	1.61994
-1.94734	1.22572
-1.87683	1.11752
-1.8305	1.08964
-1.98501	1.78639
-1.72622	1.51692
-1.68415	1.55166
-1.6554	1.64451
-0.974539	0.683978
-0.517205	0.35864
0.0451447	0.366543
0.486662	0.530073
0.730132	0.587983
0.457198	0.394855
0.644889	0.394839
0.259627	0.330671
0.166069	0.416543
-0.340879	0.558474
-1.10422	1.14462
-1.74165	1.92116
-1.71777	1.78968
-1.86305	2.2678
-1.86726	2.43421
-1.91677	2.4772
-2.0027	2.61609
-2.0807	2.76614
-2.10875	2.84991
-2.20941	2.98901
-2.10345	2.46732
-2.09167	2.13935
-2.06406	2.02166
-1.88627	1.8473
-1.39728	1.08822
-1.52256	1.56536
-1.19139	1.0037
-1.06219	1.00488
-0.918034	1.09387
-0.985768	0.675632
-1.30011	0.638382
-1.21168	0.952014
-1.18061	1.28142
-1.48516	1.47615
-1.33847	1.31183
-1.80656	1.487
-1.92432	1.67042
-1.6787	1.30883
-1.93537	2.19185
-1.93509	2.41712
-1.8261	2.30377
-1.64152	1.93452
-2.02539	3.03894
-1.80543	2.52224
-1.47755	1.75315
-1.22888	1.18547
-1.40121	1.38008
-1.81412	2.39514
-1.66411	2.15251
-1.63083	2.13776
-1.4125	1.7219
-1.33946	1.75526
-1.45996	1.51839
-1.5683	1.62566
-1.55512	1.82301
-1.36149	1.36808
-1.29855	1.42473
-1.56356	1.78103
-1.45485	1.68959
-1.20595	1.30987
-1.28639	1.39564
-1.01148	1.06762
-1.07929	1.22832
-1.06287	1.05578
-1.13656	1.48198
-0.923865	1.15964
-0.812458	1.02237
-0.952081	1.16119
-0.734096	0.898164
-0.668008	1.18898
-0.620267	0.797906
-0.575612	0.91345
-0.805887	1.05985
-0.580391	0.896649
-0.539657	1.07101
-0.415022	0.711863
-0.388475	0.772734
-0.609329	0.888202
-0.402605	0.775705
-0.428856	1.06006
-0.517977	1.18919
-0.674091	0.988989
-0.671529	0.85149
-0.731016	1.08265
-0.710046	1.00721
-1.0663	1.04029
-1.64562	1.28941
-1.61009	1.62953
-1.56173	1.17217
-1.46148	1.2256
-1.63264	1.6619
-1.44695	1.32413
-2.06179	2.68146
-2.06587	2.57434
-1.87652	2.02075
-1.87296	1.91348
-1.81131	1.8652
-1.86961	1.84513
-1.78315	1.7456
-1.66234	1.52272
-1.38089	0.973528
-1.3514	1.0429
-1.24691	0.989662
-1.17155	0.920837
-1.09473	1.05001
-1.02081	0.795699
-1.04384	0.820018
-1.16981	0.935611
-1.39384	1.30887
-1.44364	1.0869
-1.1916	0.748267
-1.07417	0.731969
-0.56596	0.556431
-0.382641	0.84301
-0.33434	1.00291
-0.416988	0.91965
-0.746864	1.23248
-1.19821	1.36785
-1.62888	1.60801
-1.79449	1.60804
-1.99574	1.91316
-1.91544	1.56255
-1.80005	1.31145
-1.60624	1.02417
-1.44027	1.05748
-1.0769	0.616087
-0.744756	0.56354
-0.110516	0.54958
0.260241	0.361602
0.308412	0.557563
0.735946	0.810892
0.837879	0.860147
1.06068	0.871578
0.954797	0.573546
0.944338	0.708417
0.649425	0.475595
0.831903	0.772088
0.839046	0.876781
0.546542	0.718969
-0.264223	0.629873
-1.32073	1.33672
-1.16016	1.13125
-1.15009	0.980273
-1.21094	0.986568
-1.19996	0.91431
-1.27408	0.981731
-1.38337	1.15727
-1.46956	1.28404
-1.51144	1.35909
-1.65274	1.55096
-1.72226	1.67612
-1.77032	1.68285
-1.87792	1.80207
-2.00455	2.09389
-1.91966	1.89706
-2.05492	2.28045
-2.01949	2.06422
-1.98954	1.87994
-2.03705	1.98755
-1.98994	1.7748
-1.92037	1.62814
-1.89724	1.65232
-1.95526	1.89201
-1.94903	1.8653
-1.97902	1.9303
-1.98884	1.82125
-1.73483	1.27115
-1.36534	1.03085
-1.62854	1.48997
-1.95337	1.75809
-1.84371	1.44804
-1.25716	0.533932
-0.901026	0.365138
-0.180338	-0.285358
0.217972	-0.0604305
0.570504	0.0787757
0.79474	0.255267
0.767548	0.382696
0.743715	0.684126
0.623042	0.634974
0.308444	0.590828
0.392686	0.655729
0.232812	0.557792
-0.353409	0.676473
-0.65396	0.770145
-1.35374	0.864358
-1.61812	1.27234
-1.89516	1.75087
-2.09202	2.07763
-2.11274	2.28444
-2.17521	2.58953
-1.82144	2.14985
-1.86587	2.30992
-1.83718	2.21832
-1.87601	2.32207
-1.76555	2.00509
-1.76292	2.06129
-1.75234	1.99432
-1.72829	1.92218
-1.86505	2.27269
-1.96675	2.45393
-1.80515	2.12966
-1.52832	1.43996
-1.73076	1.87028
-1.72083	1.87531
-1.14808	0.986063
-1.01188	1.06124
-1.02731	1.19233
-0.975301	1.22109
-0.788358	1.06469
-1.12215	1.50341
-1.33629	1.68425
-1.42832	1.83481
-1.57658	2.21438
-1.52679	2.07542
-1.58109	1.48407
-1.3516	0.91109
-1.3299	1.19273
-1.29807	1.13294
-1.24203	1.09015
0.0430087	0.310409
-0.0315422	0.273703
0.64547	-0.0187954
0.608994	0.358492
0.504951	0.684339
0.315046	0.688254
-0.0472737	0.347283
-0.365871	0.494215
-1.44417	1.19645
-1.79113	1.95847
-1.758	1.5927
-1.57848	1.24673
-1.73521	1.78796
-1.85748	2.2397
-1.64765	1.86494
-1.55393	1.63333
-1.6983	1.67496
-1.65227	1.20571
-1.43129	1.02169
-1.29589	1.04999
-0.545022	0.908741
-0.414839	1.03372
-0.929985	1.17073
-1.18341	1.00586
-1.37036	1.28307
-1.4797	1.56375
-2.05023	2.8335
-2.04396	2.77692
-1.99341	2.44479
-2.06534	2.48503
-1.95152	2.24157
-1.9338	2.30578
-2.07782	2.69707
-1.99949	2.49637
-2.11943	2.7801
-1.99126	2.50198
-1.79572	1.89011
-1.42437	0.941653
-0.989055	0.202051
-0.724868	-0.0754531
-0.525865	-0.206534
-0.50739	-0.149155
-0.758332	0.146706
-1.05226	0.641709
-1.36807	1.09659
-1.62568	1.54926
-1.7646	1.83114
-1.84816	2.06451
-1.78828	1.94887
-1.81176	2.09083
-1.82474	2.49483
-1.68372	2.1627
-1.58227	1.90517
-1.68765	2.20613
-1.78392	2.4597
-1.6673	2.17753
-1.88404	2.51285
-2.0345	2.73359
-1.95664	2.44134
-1.88411	2.41667
-1.8039	2.25239
-1.89698	2.44825
-1.96229	2.48237
-2.09169	2.70963
-2.27981	3.2549
-2.08715	2.81186
-2.17646	2.92935
-2.21479	2.85117
-2.11963	2.29374
-2.08289	2.03459
-1.87204	1.70628
-1.61368	1.31311
-1.55037	1.35493
-1.26829	1.07045
-1.07861	0.869901
-1.03331	0.956228
-0.690169	0.882888
-0.673406	1.18363
-0.437969	0.91398
-0.270211	0.758094
-0.335459	1.22131
-0.61278	0.842779
-1.15353	1.15035
-0.974088	0.609728
-0.898144	0.432338
-0.916484	0.396505
-0.98405	0.421282
-1.08238	0.488194
-1.2644	0.74624
-1.03662	0.520851
-0.911153	0.503573
-0.611022	0.461447
-0.563978	0.573659
0.131365	0.191056
0.169986	0.425657
0.0596555	0.67945
0.227423	0.758959
0.00664367	0.87324
-0.383119	0.727963
-0.722195	0.826171
-1.44254	1.11662
-1.94923	1.91112
-1.92703	1.73599
-2.01783	1.99917
-1.96057	2.04572
-2.15362	2.73685
-2.10275	2.5951
-2.12201	2.4773
-1.83649	1.50703
-1.77563	1.37638
-1.5902	1.15717
-0.551153	0.00717066
0.030341	0.065449
0.670239	0.282211
0.9282	0.567327
1.05201	0.634006
1.08963	0.66169
1.18384	1.00469
1.13132	0.736067
0.806235	0.444462
0.395838	0.272612
-0.218374	0.496211
-0.728951	0.832044
-1.30106	0.892281
-1.65381	1.45051
-1.83123	1.62851
-2.20888	2.73814
-2.17546	2.78499
-2.09278	2.60555
-1.78752	1.6376
-1.63189	0.998927
-1.55614	0.773843
-1.57223	0.690953
-1.54649	0.763942
-1.54981	1.24663
-1.26834	1.22149
-1.20674	1.21617
-1.05158	0.984802
-1.0585	1.21442
-1.08067	1.18574
-1.29308	1.03371
-1.91114	1.84004
-2.09221	1.69329
-2.15095	1.98473
-2.2369	2.44276
-2.16703	2.28374
-2.13473	2.49836
-2.1129	2.38136
-2.02309	2.11856
-1.97065	2.10397
-2.09392	2.34541
-2.01497	2.11934
-2.00809	2.13116
-1.90796	1.88947
-1.99327	2.00642
-1.70637	1.17959
-1.55055	0.833192
-1.27636	0.662975
-1.27659	0.806853
-1.35196	1.13531
-1.15357	0.91013
-0.783713	0.626396
-1.05664	1.23307
-1.46916	1.9408
-1.51086	1.99141
-1.4167	1.81808
-1.34772	1.69884
-1.33019	1.67774
-1.31791	1.64311
-1.37486	1.66594
-1.65107	1.53416
-1.60083	1.54456
-1.64513	1.68621
-1.37367	1.09363
-1.42775	1.22367
-1.66537	1.74615
-1.76848	1.97883
-1.69824	1.82184
-1.44338	1.40514
-1.52875	1.41928
-1.52347	1.45008
-0.836524	0.676954
-0.210655	0.495994
0.129514	0.400029
0.410283	0.49333
0.511004	0.477835
0.597386	0.427189
0.580659	0.598964
0.594073	0.235061
0.437833	0.365624
0.641825	0.654823
0.6739	0.605686
0.67866	0.680406
-0.933514	1.1046
-0.564179	0.9104
-0.650559	0.970885
-0.519655	0.880346
-0.676493	1.0878
-0.599168	1.02317
-0.702171	0.900704
-0.767533	0.962124
-0.795902	0.93355
-0.949357	1.19885
-1.13349	0.944018
-1.47877	1.30304
-1.99306	1.8366
-2.21946	2.15326
-2.19886	2.089
-2.10359	1.83868
-2.23367	2.1881
-1.93228	1.76221
-1.97068	2.20362
-2.04885	2.48851
-1.97913	2.35743
-2.03534	2.59634
-2.00693	2.46327
-2.17043	2.77304
-2.64254	3.89298
-2.60692	4.01216
-2.15233	2.804
-2.20266	3.09572
-2.48189	3.9225
-2.35205	3.39618
-2.23537	2.91116
-2.42927	3.204
-2.53132	3.421
-2.4973	3.3572
-2.21592	2.57955
-2.22913	2.58552
-2.16191	2.28669
-2.10422	2.26331
-1.5549	1.26709
-0.633991	0.564692
-0.228892	0.59114
-0.582169	0.75371
-0.480652	0.725088
-0.260587	0.364969
-0.443742	0.427507
-1.67891	1.67521
-2.05161	2.32703
-2.07662	2.34819
-1.90309	1.67535
-1.79675	1.39918
-2.00528	2.04559
-2.05319	2.37042
-2.0578	2.49758
-1.94723	2.35913
-1.64217	1.70842
-1.46114	1.47142
-1.18748	1.10769
-0.981275	0.924853
-0.816744	0.855402
-0.929391	0.980821
-1.40296	1.45776
-2.07383	2.26377
-1.9542	2.15042
-1.97098	2.30774
-2.08811	2.48157
-1.74197	1.52182
-1.77071	1.48781
-1.75878	1.3493
-1.52626	1.18448
-0.435187	0.401744
-0.0747741	0.0318716
0.143263	0.241788
0.445764	0.431962
0.663661	0.651031
0.856044	0.597675
1.02932	0.832102
0.610667	0.674021
0.236067	0.608407
0.261308	0.633078
0.0828197	0.671535
-0.398125	0.778981
-0.487609	0.767579
-0.432161	1.08339
-0.451216	0.977672
-1.07177	1.03222
-0.863288	0.664946
-0.897067	0.949193
-0.914397	0.981364
-1.1892	1.37643
-1.03873	1.16525
0.0917187	0.204178
-0.85875	0.870464
-1.26082	1.50001
-1.13088	1.41288
-1.20669	1.56842
-1.09708	1.31678
-1.20287	1.44248
-1.28004	1.54024
-1.29404	1.50404
-1.47427	1.74681
-1.88508	2.45696
-1.92389	2.25467
-1.66133	1.3971
-1.62669	1.27936
-1.64125	1.40509
-1.70274	1.68647
-1.52585	1.36154
-1.27467	1.21683
-1.25532	1.34278
-1.26039	1.26716
-1.02648	1.13364
-0.822517	0.901148
-0.831823	0.842439
-1.65489	1.75693
-1.88455	2.09295
-1.79603	2.01696
-1.88117	2.44013
-2.0707	2.74947
-1.93838	2.26041
-2.02657	2.18917
-1.96674	1.91189
-1.87689	1.69398
-1.39279	1.17619
-1.38481	1.36967
-1.30453	1.27291
-0.992576	1.20693
-0.914867	1.13288
-0.607559	1.09285
-0.991942	1.2378
-1.24728	1.391
-2.26331	3.23318
-1.97244	2.60314
-1.8029	2.19628
-1.88907	2.18409
-2.02264	2.56694
-2.15049	3.13882
-2.01703	2.95288
-1.9583	2.77186
-2.05949	3.03623
-1.96781	2.62102
-2.02828	2.54323
-1.685	1.74097
-1.65424	1.87013
-1.50986	1.7576
-1.47601	1.82115
-1.47468	1.87909
-1.56334	2.07506
-1.81618	2.56125
-1.75977	2.28812
-1.80381	2.0607
-1.79334	1.74718
-1.73087	1.80976
-1.60607	1.65371
-1.27602	1.50413
-0.717897	1.13796
-0.46682	1.01879
-0.464674	0.593666
-0.753349	0.614698
-0.574888	0.231958
-0.213125	0.280649
-0.102869	0.197428
-0.205857	0.24524
-0.659505	0.509774
-1.11825	0.671007
-1.50683	1.18846
-1.46707	1.05726
-1.57819	1.14318
-1.63226	1.47858
-1.43806	1.11439
-1.44255	1.07616
-1.33448	0.949435
-1.43623	1.10485
-1.36072	1.12518
-0.877066	0.900531
-0.784718	1.08442
-1.38218	1.48983
-1.6501	1.97256
-2.10591	3.02107
-1.99074	2.5536
-1.97763	2.40817
-2.06792	2.49794
-2.19022	2.4848
-2.0383	2.01039
-1.94438	1.95621
-1.5986	1.56761
-1.36449	1.72371
-1.29985	1.48786
-1.08692	1.036
-1.09471	1.13515
-0.535238	0.701838
-0.310852	0.763316
-0.439375	0.788318
-0.931523	1.3581
-1.11358	1.26579
-1.38171	1.22987
-1.62517	1.23757
-2.16976	2.08679
-2.17818	2.00267
-1.81389	1.53382
-1.95905	2.28539
-1.80237	2.02452
-1.97702	2.45205
-1.97859	2.48052
-1.96595	2.52086
-1.71817	1.9807
-1.84367	2.35513
-1.88919	2.33805
-1.87876	2.32147
-1.94383	2.47357
-1.971	2.57715
-1.918	2.4837
-1.66654	1.85274
-1.69178	1.79776
-1.56783	1.60041
-1.69572	1.90591
-1.9893	2.66926
-2.15529	3.04418
-2.10063	2.95055
-1.69913	1.90617
-1.61125	1.82509
-1.46036	1.52518
-1.37422	1.44034
-1.37511	1.60479
-1.59793	2.1539
-1.6081	2.14173
-1.53714	1.85976
-1.44045	1.47137
-1.63939	1.7925
-1.82049	2.09361
-1.81131	1.66678
-1.63306	1.0495
-1.56867	0.999084
-1.04026	0.0955262
-0.291136	-0.132737
0.522651	-0.0585378
0.686993	-0.0982521
0.936472	0.344015
0.733324	0.434039
0.562599	0.226245
0.667318	0.163554
0.335693	0.164686
-0.656906	0.647912
-1.85234	1.58264
-1.79456	1.4217
-1.75283	1.43411
-1.86493	1.80402
-2.03228	2.38776
-1.92794	2.04506
-1.96213	2.03045
-1.47122	1.1214
-1.16107	1.07177
-0.36271	0.872861
-0.494906	0.765288
-1.02847	0.536786
-1.24698	0.582447
-1.74123	1.81278
-1.98712	2.44377
-1.80862	2.19723
-1.70211	2.03649
-1.64913	1.97015
-1.78019	2.35186
-1.99606	2.95574
-1.98317	2.92356
-1.94668	2.85191
-1.93314	2.79203
-1.96432	2.84235
-2.04707	3.12306
-2.06158	3.19204
-2.06083	2.71726
-1.94499	2.58074
-1.95375	2.20457
-1.86672	2.45685
-1.7324	1.76938
-1.78007	2.23597
-1.92643	2.09717
-1.887	2.27544
-1.72231	1.67446
-1.64388	1.47448
-1.70662	1.65853
-1.61513	1.43777
-1.35494	1.12186
-1.25682	1.138
-1.0252	1.04291
-0.83673	0.915492
-0.393607	0.760722
-0.040311	1.22756
-0.678753	1.14797
-0.843929	1.12167
-0.716686	0.947044
-0.600452	0.927998
-0.745675	0.984546
-0.702742	0.956418
-0.380947	0.868427
-0.57061	0.872819
-0.577718	0.94769
-0.612506	0.954303
-0.5099	0.833205
-0.770895	1.06086
-0.526241	0.846864
-0.463298	0.702705
-0.448175	0.73123
-0.484447	0.9448
-0.503223	0.993433
-0.510863	0.832036
-0.483774	0.809939
-0.858307	0.748245
-1.83559	1.34238
-1.9844	1.90743
-2.0309	2.15162
-1.94947	2.05652
-1.80036	1.77528
-1.72555	1.87413
-1.50456	1.48798
-1.57166	1.57166
-1.61115	1.64162
-1.63621	1.63698
-1.61499	1.69349
-1.58237	1.58671
-1.56761	1.49039
-1.62162	1.59197
-1.61618	1.56441
-1.64169	1.64968
-1.65541	1.63837
-2.16077	2.34099
-2.14821	2.08296
-1.96671	1.57264
-1.86483	1.28247
-1.30146	0.27158
-0.29967	-0.280344
0.186095	0.0769982
0.550197	0.46267
0.781046	0.46773
0.712224	0.669022
0.531114	0.42622
0.389047	0.611564
0.303295	0.6072
0.0674889	0.522938
-0.491195	0.755287
-1.2614	1.58409
-2.01867	2.76714
-1.70989	2.0466
-1.58362	2.12432
-1.25453	1.76825
-0.845824	1.27978
-0.615663	1.04068
-0.311302	0.704627
-0.0760008	0.429747
0.0923154	0.196511
-0.0666496	0.0468528
-1.41952	1.02584
-1.60202	1.32973
-1.37272	1.0022
-1.63335	1.44256
-1.42588	0.99801
-1.30387	0.85606
-1.27584	0.937136
-1.17155	0.698805
-1.45744	1.19392
-0.819489	0.836099
-0.92084	1.15442
-1.53742	1.77772
-1.77049	2.3314
-1.93659	2.65791
-2.02628	2.80224
-2.04669	2.82754
-1.86214	2.46496
-1.64724	2.03633
-1.51431	1.8085
-1.49139	1.81388
-1.45882	1.73779
-1.63412	2.01831
-1.71626	2.19849
-1.68821	1.98394
-1.67317	1.72216
-1.90109	2.11345
-1.58993	1.61759
-1.42206	1.35295
-1.5427	1.42977
-1.59281	1.29414
-1.34816	1.22068
-1.41441	1.24139
-1.46935	1.45508
-1.50798	1.2817
-1.76226	1.59657
-1.75924	1.96606
-2.03975	2.35216
-2.05775	2.51916
-1.95607	2.34827
-2.03306	2.38383
-1.98753	2.42648
-1.85158	1.96992
-1.78414	1.62201
-1.74431	1.54397
-1.85822	1.83289
-1.68915	1.69682
-1.82147	2.24091
-1.67263	1.93281
-1.78601	2.27545
-1.843	2.6007
-1.91117	2.789
-1.50381	1.74627
-1.4315	1.3356
-2.11986	2.8815
-2.0044	2.47528
-2.05468	2.63416
-2.01336	2.5729
-1.88963	2.33213
-2.15406	2.59516
-1.75143	1.55065
-0.630177	0.215485
-0.0488056	-0.047568
0.38853	0.185542
0.610442	0.268178
0.790862	0.510247
1.02882	0.882919
0.959089	0.977016
0.773769	0.660572
0.563849	0.735791
0.0316726	0.65587
-0.647318	0.677294
-1.21904	1.14987
-1.64374	1.7132
-1.79901	2.18898
-1.77035	2.09924
-1.88644	2.37632
-1.77263	2.00588
-1.71865	1.94309
-1.65812	1.86388
-1.60056	1.77403
-1.75505	2.12232
-1.83817	2.42875
-1.93285	2.5919
-1.90787	2.42345
-1.94192	2.35021
-1.9456	2.10041
-1.95765	2.15224
-1.99134	2.39386
-1.2839	1.73865
-0.568393	1.26351
-1.24649	1.8183
-1.90361	2.30118
-1.60842	1.36367
-1.73137	1.75258
-2.07123	2.26908
-2.07428	2.22639
-2.21269	2.74366
-1.9484	2.31614
-1.86355	1.97757
-1.68643	1.72171
-1.49492	1.34977
-1.33781	0.991236
-0.989596	0.853809
-0.576291	0.387629
-0.140727	0.189885
0.168652	0.253064
0.252953	0.360309
0.0975342	0.285016
0.10596	0.341509
0.0643034	-0.0128124
-0.109035	0.147784
-0.39561	0.196809
-0.514942	0.2574
-0.75267	0.374128
-0.719483	0.449935
-0.777101	0.634751
-0.891804	0.720828
-0.950844	0.717847
-1.25956	1.30103
-1.25487	1.48473
-1.06176	1.37922
-1.13822	1.2738
-1.04157	1.31589
-1.40567	1.56672
-1.05892	1.19307
-1.34855	1.4266
-1.38208	1.43273
-1.30799	1.39227
-1.13032	1.2005
-1.06786	1.38868
-0.825804	1.05002
-0.575397	0.8444
-0.777449	0.930144
-0.936969	1.10321
-0.782573	0.950095
-0.738207	0.993252
-0.593807	1.07542
-0.513658	0.68208
-0.590182	0.917463
-0.606394	0.91649
-0.590715	0.957543
-0.752937	1.01179
-0.508469	0.741807
-0.648257	1.08539
-0.526295	0.951343
-0.486439	0.997482
-0.515363	0.97741
-0.40872	1.07895
-0.538712	0.927947
-0.699955	0.984978
-0.525461	1.01359
-0.625479	1.04059
-0.699366	0.972383
-1.30199	1.20107
-1.1624	1.18923
-0.888972	0.959421
-1.12888	0.964934
-1.40821	1.28555
-1.31676	1.23325
-0.985647	0.927456
-1.29559	1.14159
-1.33933	1.02554
-0.903447	0.0726255
-0.269327	0.0212718
0.172368	0.11818
0.544219	0.330801
0.438361	0.312777
0.591311	0.578324
0.473355	0.590321
0.305506	0.547052
-0.124368	0.37322
-1.2337	0.800867
-1.28447	0.990486
-1.37687	1.15739
-1.46447	1.37792
-1.40169	1.24531
-1.5666	1.77345
-1.67502	2.055
-1.60054	1.83764
-1.7486	1.87246
-2.02337	2.11951
-2.02873	2.08111
-2.08544	2.29941
-2.05937	2.07432
-2.07303	2.16986
-1.9565	1.73483
-1.8582	1.33424
-1.9706	1.76488
-1.83262	1.49369
-0.877114	0.83572
-0.911941	1.06964
-0.624359	0.960362
-0.949693	1.49591
-1.23414	1.82807
-1.3623	1.73717
-1.42817	1.65646
-1.53348	1.69774
-1.57861	1.71325
-1.59027	1.64185
-1.59807	1.49384
-1.72463	1.65438
-1.67951	1.43691
-1.82577	1.60456
-1.84895	1.55474
-1.94379	1.80389
-1.7478	1.69504
-1.63697	1.53934
-1.30381	1.15985
-1.0854	0.882034
-1.39933	1.15573
-1.64351	1.28674
-1.48575	0.992291
-1.43699	1.00052
-1.48439	1.1382
-1.56176	1.32511
-1.67929	1.53277
-1.86689	1.98648
-2.03795	2.43188
-2.10937	2.71443
-2.0545	2.41237
-1.99793	2.19115
-1.85044	1.75931
-2.01957	2.07448
-1.91559	1.85337
-1.65681	1.29063
-1.25764	0.769331
-1.15238	1.0814
-0.864723	0.869786
0.0232831	1.1578
-0.164966	0.874815
-0.221835	0.507249
-1.39995	1.57762
-1.17935	1.10011
-1.25881	1.01831
-1.60089	1.63306
-1.88125	2.12364
-1.97793	2.27478
-1.95325	2.18545
-2.05433	2.46074
-2.14114	2.78932
-2.06317	2.68209
-2.12017	2.90884
-2.06805	2.77842
-2.03951	2.77371
-2.09608	2.88639
-2.09252	2.74349
-2.0015	2.43411
-1.85317	2.22084
-1.83877	2.34802
-1.67432	1.96224
-1.43997	1.49902
-1.14894	0.988545
-1.00457	0.817531
-0.802205	0.545305
-0.563966	0.303801
-0.438995	0.424651
-0.0580414	0.246814
0.0441049	0.197371
0.0635751	0.175717
0.120539	0.159925
0.122847	0.147364
0.0517998	0.199084
-0.120097	0.235472
-0.249562	0.311201
-0.737846	0.738288
-1.10375	1.30588
-1.18896	1.47389
-1.20096	1.53144
-1.39777	1.84098
-1.61682	2.16532
-2.03206	2.74854
-2.29373	3.26922
-2.03254	2.59188
-1.97563	2.21577
-1.93598	1.97498
-2.00192	2.24328
-1.83126	1.85156
-1.73322	1.78261
-1.5638	1.23865
-1.50479	1.24035
-1.38013	1.18186
-1.20223	1.00058
-1.16334	1.17943
-1.19849	1.37754
-0.858327	1.06645
-0.851206	0.997842
-0.749464	1.04902
-0.822143	1.00939
-1.08313	0.991465
-1.96159	2.28421
-1.85357	2.11946
-1.70568	2.17377
-1.89486	2.66591
-1.57432	1.98713
-1.71796	2.29816
-1.96634	2.7877
-2.21779	3.02425
-1.58389	1.47509
-1.64379	1.86733
-1.41177	1.4528
-1.29476	1.27306
-1.0754	1.13952
-0.962772	1.0803
0.177322	0.530417
0.749532	0.045983
0.824082	-0.0512401
0.406808	-0.0141265
0.55508	0.612324
0.2991	0.618691
0.242154	0.475612
-0.101594	0.80397
-0.232142	0.602889
-0.483901	0.561126
-0.465037	0.779409
-0.38208	0.990618
-0.44951	0.714755
-0.708452	0.804712
-1.33047	1.02762
-1.65873	1.31097
-1.45103	0.852152
-1.52441	1.0354
-1.35005	0.811643
-1.11191	0.372545
-0.910872	0.158584
-0.212554	-0.388421
0.392686	0.0198209
0.553768	0.172615
0.687566	0.130855
1.0742	0.578492
1.08759	0.626892
1.01063	0.620217
0.779493	0.444412
0.689329	0.416622
0.342648	0.559675
-0.27191	0.421674
-0.751674	0.654868
-0.744942	0.50981
-0.738578	0.529659
-0.688468	0.549724
-0.741415	0.741927
-1.15414	1.17652
-1.40832	1.6807
-1.53874	1.88517
-1.88298	2.46337
-1.74784	1.56985
-1.67775	1.48969
-1.81713	1.64814
-1.68287	1.28594
-1.64669	1.28505
-1.54558	1.1644
-1.53263	1.16392
-1.51314	1.28888
-1.17402	0.995714
-1.34215	1.39705
-1.96253	2.88622
-1.90663	2.54463
-1.93459	2.56768
-1.77825	2.15029
-1.56736	1.59773
-1.54056	1.39985
-1.45458	1.21768
-1.30307	0.916928
-1.73082	1.81115
-1.80495	2.00049
-1.57007	1.43951
-1.66818	1.61309
-1.84431	1.84147
-1.84659	1.9496
-1.76099	1.83215
-1.79408	1.81753
-1.56837	1.35121
-1.55726	1.36624
-1.37556	1.13289
-1.52919	1.3849
-1.24292	1.13673
-0.274765	0.115389
0.165923	0.367441
0.426837	0.35048
0.648299	0.385719
0.807004	0.729126
1.21363	0.682954
1.07379	0.586002
0.71275	0.422686
0.864461	0.367858
0.943596	0.478675
0.853368	0.365455
0.725022	0.236205
0.54656	0.00833032
0.610359	0.0505906
0.51376	0.0745097
0.0611196	-0.0241074
0.0670164	0.00344288
-0.179294	0.235771
-0.383006	0.466406
-0.626156	0.720862
-0.635396	0.961024
-0.645057	0.834985
-0.635303	0.839123
-0.608545	0.88514
-0.876962	1.21363
-0.633197	0.84077
-0.716283	1.01232
-0.490515	0.84273
-0.496163	0.85559
-0.550854	0.937816
-0.440601	0.881893
-0.549451	1.17675
-0.532898	1.05464
-0.494662	1.02248
-0.459685	0.932944
-0.67642	1.19574
-0.59957	1.07743
-0.476719	1.1557
-0.578276	1.2522
-0.48919	1.05371
-0.512238	1.15142
-0.53716	1.09168
-0.344702	0.928177
-0.541969	1.1621
-0.674977	1.0422
-0.665718	1.28504
-0.650464	1.14448
-1.00497	0.907143
-0.616864	0.835004
-0.421245	0.324227
-0.523358	0.382925
-0.847971	0.712634
-0.822938	0.803485
-0.710433	0.756444
-0.00163621	-0.530049
0.150625	-0.501758
-0.0575142	-0.357524
0.175323	-0.500058
-0.115207	-0.246656
-0.101781	-0.349175
-0.114869	-0.369731
-0.214473	-0.295051
-0.262728	-0.195641
-0.245164	-0.387547
-0.785166	0.546721
-0.854661	0.571343
-0.958201	0.980682
-0.845913	0.992222
-0.654271	0.812284
-0.71637	0.795681
0.452843	0.946748
0.37584	0.608121
-0.158448	-0.197263
-0.297714	0.327116
-0.593683	0.531861
-0.818688	0.695741
-0.994253	1.04281
-1.10018	1.20817
-1.18843	1.49388
-1.21412	1.58783
-1.23787	1.62833
-1.09456	1.29492
-0.994532	1.00493
-0.890754	0.607686
-0.791583	0.18478
-0.931823	0.0889752
-1.44512	1.11447
-1.93818	2.15411
-1.92256	2.0592
-1.80896	1.77434
-1.85308	1.86448
-1.49618	1.13412
-0.848794	0.323758
-0.57513	0.213477
-0.727629	0.542516
-1.00844	0.933912
-1.24208	1.34674
-1.09031	1.03595
-1.27219	1.48766
-1.3154	1.36835
-1.35725	1.3879
-1.43826	1.41344
-1.40385	1.15276
-1.50792	1.41096
-1.83663	2.19397
-1.6615	1.62504
-1.0086	0.441654
-0.486283	0.448859
-0.163386	0.570162
0.0194169	0.539134
0.222282	0.531872
0.137221	0.659305
-0.251308	0.800889
-0.539163	0.884048
-1.03763	1.242
-2.16442	2.86376
-2.01209	2.43738
-1.95717	2.32095
-2.06049	2.67482
-2.04645	2.7973
-2.13426	3.01408
-2.03339	2.6064
-2.01847	2.3133
-1.69959	1.64572
-1.96021	2.30985
-1.80416	1.92815
-1.81154	1.96713
-1.9773	2.55026
-2.11783	2.98196
-2.03267	2.72928
-1.94316	2.56321
-2.14327	3.15953
-2.0642	2.97932
-2.00641	2.82415
-1.62398	1.91863
-1.42257	1.70967
-1.22847	1.48316
-1.15065	1.33116
-1.15739	1.21207
-1.36275	1.31576
-1.77064	1.8873
-1.988	2.27288
-2.14175	2.58364
-2.00556	1.96462
-1.99071	1.85269
-1.8181	1.41542
-1.15595	0.388952
-0.158427	-0.230385
-0.000273983	-0.333837
0.44179	-0.160311
0.524484	0.0497798
0.257363	0.191244
-0.127384	0.224015
-0.595356	0.24487
-1.18909	0.593935
-1.7386	1.59864
-1.66442	1.49024
-1.70985	1.6357
-1.83863	2.05299
-1.81155	2.14776
-1.82238	2.4142
-1.5998	1.99823
-1.55118	1.955
-1.60026	2.04445
-1.82853	2.50461
-1.97273	2.93081
-1.90284	2.82488
-1.80676	2.55735
-1.98873	2.95427
-2.26143	3.59393
-2.21381	3.38756
-1.61699	1.78886
-0.82106	0.398383
-0.0625861	-0.19717
0.507491	-0.158952
0.570103	-0.0791782
0.941999	0.335435
0.646322	0.239065
0.491873	0.548111
0.645666	0.681273
0.63872	0.792787
0.298766	0.612216
-0.444412	0.523813
-1.27342	1.30337
-1.58166	1.50146
-1.86175	1.84397
-2.26746	2.94817
-2.18411	2.90434
-2.16249	2.90235
-2.03414	2.8774
-2.19581	3.29999
-2.19965	3.2287
-2.17182	3.05136
-2.15183	2.96564
-2.04997	2.60108
-1.92211	2.03875
-1.82204	1.63733
-1.70547	1.45113
-1.56881	1.47779
-1.21336	1.01645
-0.982919	1.1408
-0.161773	0.804655
-0.0507213	0.921859
-0.724932	0.713891
-0.69648	0.672078
-1.10372	1.46296
-1.31438	1.33945
-0.887584	0.744429
-1.30296	1.31966
-1.11904	1.12177
-1.27828	1.40216
-1.40884	1.71587
-1.44201	1.84441
-1.4956	1.99021
-1.41614	1.84322
-1.38513	1.69078
-1.47952	1.81244
-1.5846	2.01601
-1.65615	2.06159
-1.79934	2.34013
-2.05984	2.63196
-1.85716	1.91833
-1.7234	1.65596
-1.95754	2.22199
-1.77264	1.74475
-1.93066	2.09165
-1.92517	2.22659
-1.52466	1.45639
-1.10722	0.882207
-0.801038	0.0329367
-0.692132	-0.129144
-0.79701	0.116404
-0.702696	0.00624727
-0.681129	-0.0352
-0.759909	0.0705946
-0.998411	0.333063
-1.0862	0.460457
-0.659388	0.000962663
-0.0432587	-0.139484
0.370714	0.159923
0.405664	-0.111256
0.340857	-0.249058
0.409208	-0.188815
0.233959	0.0442456
0.145941	0.0914581
0.22226	0.309272
0.14166	0.252094
0.237474	0.164801
0.188495	0.198781
0.156169	-0.0230309
0.0477961	-0.0922366
-0.145966	0.0187949
-0.269154	0.163576
-0.41808	0.317844
-0.752834	0.44424
-0.78293	0.817949
-0.853695	0.60292
-0.85258	0.862374
-0.784407	0.803738
-0.775497	1.01814
-0.831864	0.99582
-0.967703	1.15233
-0.854216	0.863618
-0.664114	0.78104
-0.693157	0.928305
-0.744612	1.0744
-0.718611	0.872758
-0.736446	0.973926
-0.510812	0.721906
-0.672216	1.05656
-0.630627	0.967643
-0.468197	0.825163
-0.712982	1.16174
-0.526226	1.03691
-0.7753	1.05392
-0.368609	0.567488
0.114286	0.390532
0.201917	0.359508
0.235553	0.291831
0.417111	0.474856
0.611315	0.618898
0.539594	0.606086
0.48683	0.399914
0.337581	0.257986
-0.211803	0.350603
-0.440975	0.533041
-0.741315	0.805514
-0.54091	0.597283
-0.435735	0.468295
-0.682018	0.675304
-0.540903	0.218171
-0.374097	0.0505993
-0.0457463	-0.055727
0.324603	0.15368
0.479174	0.309226
0.560619	0.466493
0.621457	0.464206
0.686824	0.683377
0.4066	0.524528
0.247275	0.588225
0.0634617	1.00576
-0.289439	0.529313
-0.986678	1.02118
-1.36694	1.50128
-1.82137	2.37752
-1.75849	2.42868
-1.59453	2.27252
-1.27694	1.68858
-1.30086	1.7691
-1.2118	1.64467
-1.19832	1.65867
-1.31136	1.8881
-1.34447	1.98364
-1.34538	2.03234
-1.29627	1.95816
-1.22066	1.85146
-1.18104	1.76653
-1.09409	1.57973
-1.03109	1.37986
-1.09924	1.26838
-1.49124	1.71439
-1.60543	1.97296
-1.66913	1.87536
-1.7635	1.82289
-1.89611	1.99941
-2.02204	2.26172
-2.03731	2.14423
-1.83083	1.5373
-1.73767	1.38167
-1.78686	1.70975
-1.45473	1.33341
-0.149143	0.131279
0.0170984	-0.0160399
0.852417	0.301664
0.996608	0.414534
0.955948	0.300875
0.859131	0.363422
0.824341	0.691615
0.809665	0.759319
0.32724	0.591575
-0.557376	0.515422
-1.55386	1.56597
-0.840277	0.84558
-0.737854	0.907074
-0.581507	0.723651
-0.519151	0.742826
-0.636024	0.904529
-0.720809	1.24446
-0.546754	1.0488
-0.567197	0.932646
-0.684143	1.0259
-1.29402	1.37505
-1.04499	1.21934
-1.85347	1.69655
-2.11963	2.40659
-2.10311	2.40201
-2.06047	2.21031
-2.05598	2.17795
-2.11592	2.62722
-1.9878	2.72123
-1.85329	2.31462
-1.90905	2.48107
-1.95264	2.48942
-2.0278	2.62269
-1.9126	2.22614
-1.88441	2.21083
-2.03472	2.53017
-2.10773	2.71257
-2.13496	2.99654
-2.00332	2.59242
-2.11176	2.91725
-2.07052	2.98027
-1.83466	2.48955
-1.66278	2.11639
-1.39558	1.71666
-1.13447	1.38006
-1.00357	1.24674
-0.921288	1.12528
-0.877088	1.12311
-0.843436	1.07727
-0.846146	1.04698
-0.886168	1.11533
-0.967018	1.18959
-1.08811	1.28144
-1.34046	1.63149
-1.54668	1.91698
-1.9432	2.55785
-1.75478	1.82759
-1.66902	1.39604
-1.75087	1.68453
-1.44403	1.01074
-0.793295	0.237372
-0.336836	0.17758
0.140166	0.344788
0.408799	0.470316
0.158759	0.288458
0.335987	0.431783
0.168218	0.37921
0.229798	0.490546
0.243967	0.514785
0.352624	0.584309
0.114417	0.171818
-0.613969	0.275248
-0.820881	1.06393
-0.519918	1.24005
-0.544891	0.931194
-0.566886	1.019
-0.418853	0.862146
-0.484005	0.875747
-0.509532	0.804129
-0.703721	1.04938
-0.452801	0.958367
-0.675906	1.00751
-0.797731	1.1119
-0.420272	0.951592
-0.78604	0.802146
-0.824222	0.509612
-1.37244	1.49646
-1.80686	1.92798
-1.92783	1.74711
-1.928	1.5205
-2.25357	2.26213
-2.35686	2.64891
-2.06994	2.0397
-2.04752	1.81887
-1.88764	1.42795
-1.6438	0.873683
-1.59271	0.952108
-1.40539	0.758453
-1.29327	0.933373
-0.931115	0.753387
-0.688584	0.681189
-0.486274	0.509657
-0.32793	0.368944
-0.413016	0.388799
-0.645279	0.371745
-1.41038	1.0873
-1.60358	1.2863
-1.57727	1.22483
-1.39279	1.0594
-1.35289	1.01213
-1.51899	1.34717
-1.53938	1.3049
-1.44631	1.19725
-1.33091	0.976504
-0.942661	0.813524
-0.655481	0.793755
-0.513341	0.670283
-0.477374	0.453119
-0.105526	0.226404
-0.23501	0.253926
-0.0849646	0.198252
0.0381709	0.0777558
0.0033806	0.0737631
-0.0431096	0.135708
-0.0136539	0.106479
0.0458189	0.0397075
0.0608969	0.0342026
-0.0214134	0.0451699
-0.11804	0.120537
-0.276219	0.215602
-0.386411	0.356024
-0.561297	0.556768
-0.727127	0.756029
-0.929246	0.992763
-1.06588	1.09538
-1.32388	1.37033
-1.40164	1.56067
-1.81607	2.34466
-1.59021	1.65473
-1.48715	1.62999
-1.72856	1.95019
-1.93287	2.37404
-1.64145	1.86987
-1.52926	1.51203
-1.41587	1.4007
-0.711517	0.541866
-0.246579	0.457326
0.0246805	0.710303
-0.026938	0.774187
0.21133	0.609501
0.295873	0.63767
0.32802	0.494912
0.385322	0.554242
0.383168	0.525644
0.320782	0.515823
0.0727519	0.346261
-0.312962	0.106455
0.300476	0.204486
0.0634797	0.178312
0.193282	0.259864
0.31478	0.472686
-0.0676086	0.509539
-0.372369	0.713707
-0.452344	0.652657
-0.521604	0.772828
-0.761963	0.908668
-0.539676	0.782078
-0.621991	0.835582
-0.511125	0.811533
-0.521369	0.924819
-0.56553	0.966363
-0.476526	1.22565
-0.403547	1.15269
0.0164781	0.781265
0.0961452	1.00004
0.00892287	0.975965
0.193409	0.966044
0.353039	1.04317
0.17123	1.1136
-0.522361	0.758482
-0.628681	0.895418
-0.925092	1.14913
-0.802566	0.864834
-0.731229	0.83583
-0.657543	0.750999
-0.554971	0.660033
-0.629438	0.6888
-0.670634	0.597758
-0.714377	0.568938
-0.753312	0.69897
-0.760212	0.8413
-0.759757	0.924578
-0.88302	1.12669
-1.06174	1.34391
-1.37507	1.7294
-1.63772	1.96193
-1.94471	2.44753
-2.25823	3.27013
-2.1526	2.77326
-2.24053	2.97205
-2.17642	2.80245
-2.18344	2.65638
-2.22408	2.73644
-1.75596	1.71304
-1.41851	1.50825
-1.5312	1.9475
-1.56556	2.10898
-1.7984	2.44111
-1.87467	2.3809
-1.85055	2.40296
-1.8376	2.56913
-1.63907	2.30253
-1.5824	2.23143
-1.54068	2.10646
-1.62624	2.17878
-1.8616	2.57881
-2.15442	3.1311
-1.98494	2.73809
-2.00141	2.58295
-1.99938	2.25566
-2.10041	2.42118
-2.04008	2.14056
-1.95391	1.87279
-1.9423	2.07083
-0.96613	0.440433
-0.47005	0.342648
0.0174701	0.0143866
0.260288	0.310868
0.423992	0.630781
0.390546	0.307755
0.102095	0.384956
-0.100145	0.316818
-0.844944	1.01475
-1.0443	1.23298
-1.38972	1.52202
-1.78562	2.21375
-1.86546	2.24068
-1.51476	1.85617
-1.56299	1.95731
-1.47498	1.79251
-1.41151	1.64407
-1.46783	1.69929
-1.51614	1.7213
-1.61734	1.7337
-1.90684	2.14491
-1.89937	1.90576
-1.60213	1.58757
-1.49962	1.57361
-1.25758	1.19846
-1.08	1.12622
-0.70653	0.744394
-0.665306	0.61507
-1.59514	1.48408
-1.68687	1.61842
-1.56184	1.68027
-1.72663	2.00117
-1.50942	1.64837
-1.71979	2.05387
-1.91426	2.39336
-1.84249	2.21115
-1.91604	1.99033
-1.76213	1.49452
-1.73909	1.52466
-1.70958	1.64137
-0.430817	0.00284277
-0.0886482	0.0134922
0.333697	-0.378436
0.693614	-0.150123
0.182159	-0.385933
-0.298926	-0.275215
-0.993113	0.327615
-1.50157	1.33405
-1.65244	1.62418
-1.61694	1.53073
-1.53248	1.35783
-1.68311	1.91493
-1.8416	2.46967
-1.58506	1.97394
-1.56125	2.07492
-1.73971	2.42845
-1.86097	2.59893
-1.79433	2.2125
-1.72742	1.82798
-2.08147	2.65252
-1.99893	2.41676
-2.02051	2.61265
-1.93373	2.31473
-1.63588	1.98854
-1.69234	2.02794
-1.8548	2.27219
-1.77817	2.02782
-1.69084	1.56478
-1.70759	1.39828
-1.67451	1.42207
-1.37477	1.3093
-0.363981	0.4008
-0.256374	0.67809
-0.685289	0.866776
-1.15568	0.911615
-1.68481	1.273
-1.61999	1.3947
-1.76185	1.55756
-1.722	1.55875
-1.79894	1.56851
-1.77982	1.44062
-1.66812	1.10118
-1.28372	0.97883
-1.39011	1.35555
-1.2012	1.22691
-0.955973	1.16902
-0.367682	0.722782
-0.559258	0.995508
-0.66024	0.887969
-1.24083	0.7436
-1.52763	1.45294
-1.91023	2.07842
-2.06856	2.44283
-2.00385	2.19257
-1.99181	2.22501
-2.14597	2.80712
-2.07538	2.69248
-2.04435	2.6209
-2.04149	2.57664
-2.0474	2.61448
-1.80711	2.14658
-1.70311	2.00306
-1.65309	1.80998
-1.61284	1.60705
-1.67342	1.62045
-0.968625	0.720707
-0.958054	0.677121
-0.719248	0.349465
-0.414269	0.243669
-0.53855	0.425171
-0.687841	0.640619
-0.729748	0.650837
-0.353003	0.156343
-0.307195	0.157358
-0.228046	0.163924
-0.418789	0.318169
-0.311841	0.0550295
-0.297723	0.13104
-0.273594	0.164193
-0.495793	0.340484
-0.565293	0.485264
-0.438125	0.443388
-0.456918	0.46025
-0.728815	0.804435
-1.10615	0.937558
-1.22439	1.16823
-1.56972	1.57376
-1.70719	1.9421
-1.58751	1.69881
-1.6806	1.92545
-1.86195	2.16563
-2.02107	2.3932
-1.82767	2.17256
-1.77288	2.03622
-1.49669	1.68506
-1.56191	1.81487
-1.27662	1.31481
-1.11307	1.39265
-1.02956	1.256
-0.873859	1.07232
-0.885004	1.17043
-0.863086	1.22669
-0.687667	0.965844
-0.821131	1.14958
-0.647802	1.02903
-0.540706	0.937914
-0.56102	0.966329
-0.536936	1.11199
-0.427762	0.979729
-0.72129	1.03703
-0.524113	0.964397
-0.0948037	1.11818
-0.56544	1.06092
-0.611355	0.920587
-0.61447	0.977288
-0.454306	0.829181
-0.0792585	0.671494
-0.295166	0.786121
-0.396298	0.826662
-0.692141	1.00555
-0.769826	0.85245
-0.830266	1.21581
-0.812532	0.927454
-0.776554	0.551523
-1.28349	0.773028
-1.75821	1.80873
-1.59454	1.833
-1.82397	2.419
-1.15133	1.11847
-1.57231	1.81506
-1.95197	2.71228
-1.79536	2.31006
-1.70982	1.99314
-1.90001	2.2035
-1.99168	2.35066
-1.88622	1.94889
-1.78374	1.67571
-0.829645	0.0800647
-0.322974	-0.00276029
0.158614	-0.182261
0.398735	0.104202
0.411552	0.41539
0.402459	0.422658
0.288733	0.469779
0.074053	0.344607
-1.26527	0.986916
-1.7476	1.83361
-1.88122	2.08296
-1.80115	2.00593
-2.05263	2.71607
-2.36012	3.51639
-2.38789	3.59662
-1.87633	2.15536
-1.70512	1.84424
-1.71185	1.68551
-1.80463	1.74774
-1.90078	1.79809
-1.82688	1.53003
-1.71057	1.4747
-1.47334	1.10352
-1.41559	1.22653
-0.910909	1.22709
-0.315126	0.726502
-1.01633	0.755448
-1.70716	1.79704
-1.82863	1.79785
-1.98596	2.12739
-2.10028	2.38472
-2.00245	2.1834
-2.03083	2.38534
-1.98593	2.2938
-2.25096	2.98105
-2.27565	2.97979
-2.21523	2.76699
-1.70701	1.71224
-1.96512	2.34511
-2.08073	2.58809
-2.07836	2.66662
-2.04727	2.65493
-2.40266	3.85154
-2.02147	2.82745
-1.93342	2.58469
-1.90766	2.40231
-1.93034	2.2754
-1.17167	0.571929
-0.479168	-0.158959
-0.128522	0.0498625
0.250176	7.29258e-05
0.400972	0.201007
0.335711	0.53545
0.0706736	0.610068
-0.0732869	0.553631
-0.303338	0.487253
-1.43271	1.12306
-1.91677	1.72318
-1.74742	1.40047
-1.82705	1.6204
-2.07977	2.33698
-2.0383	2.32331
-1.33575	0.823963
-1.02892	0.348637
-1.15953	0.444222
-1.0356	0.081368
-1.16011	0.714986
-1.09546	1.15596
-0.935825	0.940647
-0.735879	0.663813
-0.882601	0.845547
-0.797062	1.15865
-0.631578	0.938924
-0.784961	0.796472
-0.716853	1.1286
-1.17132	1.10417
-1.63327	1.9867
-1.53373	1.75739
-1.57117	1.89928
-1.52366	1.83176
-1.4827	1.76979
-1.34037	1.5782
-1.23427	1.22661
-1.13477	1.00343
-0.917237	0.673347
-0.397384	0.63673
-0.722096	0.645999
-1.05665	0.919533
-0.521799	0.773541
-0.191683	0.688227
0.316641	0.33535
0.235503	0.364583
0.57287	0.40812
-0.597132	0.0711772
-1.42878	1.39978
-1.51842	1.24975
-1.54695	1.33836
-1.57191	1.37266
-1.79925	1.8898
-1.82845	2.02967
-1.80835	1.93125
-1.90278	2.07074
-1.81283	1.78892
-1.78467	1.69142
-1.75197	1.57884
-1.50377	1.25178
-1.3934	1.05015
-1.07769	1.07162
-0.950507	0.947029
-0.90586	0.777461
-1.01673	1.3021
-1.18151	1.4739
-0.961758	0.919598
-1.36186	1.09545
-1.91051	2.67177
-1.87234	2.80285
-1.7455	1.7955
-1.93304	2.79274
-1.71221	2.27853
-1.60424	2.14158
-1.4366	1.75583
-1.57355	2.12085
-1.55418	2.07708
-1.44155	1.98006
-1.63088	2.3551
-1.56415	2.29214
-1.63961	2.43254
-1.67887	2.38094
-1.93208	2.78006
-1.87338	2.50849
-1.93472	2.62995
-1.86305	2.35347
-1.81691	2.20449
-1.89135	2.36358
-2.02192	2.56494
-1.64359	1.97576
-1.11968	1.21215
-0.783135	0.644241
-0.700606	0.432814
-0.747089	0.309318
-0.809332	0.17701
-0.932263	0.39495
-0.765997	0.275164
-0.727897	0.258317
-0.809531	0.328328
-1.19424	0.639317
-0.827682	0.446641
-0.397802	0.0431346
0.223685	0.0930784
0.721967	0.32293
0.655541	0.354052
0.910512	0.420094
0.909439	0.335868
0.875559	0.236396
0.819813	0.577053
0.720772	0.384303
0.843418	0.577592
0.740308	0.508474
0.709267	0.331187
0.58757	0.467218
0.315614	0.333602
0.569985	0.44661
0.29684	0.182069
0.102478	0.349879
0.363592	0.545853
0.0589087	0.388206
-0.261232	0.461448
-0.232001	0.677046
-0.411519	0.64787
-0.574874	0.898155
-0.526206	0.825314
-0.553277	0.91547
-0.560369	0.972765
-0.580862	1.17584
-1.42656	1.45955
-2.11461	2.96085
-2.30702	3.44605
-2.37067	3.48597
-2.14562	2.84135
-2.19362	2.98712
-2.11336	2.72237
-2.10965	2.55755
-2.03381	2.19898
-1.93179	1.66553
-1.44993	1.19489
-0.356185	1.22265
-0.773159	1.08881
-2.24126	3.00103
-1.86002	1.7965
-1.62744	1.21464
-2.13717	2.49839
-2.28232	3.06985
-2.32002	3.27499
-2.09275	2.58396
-2.39256	3.44908
-2.2743	3.14182
-2.24856	2.94233
-2.36723	3.25601
-2.18822	2.89634
-2.07448	2.83277
-1.90447	2.42048
-1.74188	2.07446
-1.74005	2.14385
-1.91265	2.39399
-2.15712	2.77564
-1.99416	2.16695
-2.09177	2.3928
-1.91863	1.93218
-1.91746	1.85915
-1.8589	1.65982
-1.81897	1.52358
-1.85161	1.46406
-1.7535	1.24493
-1.74486	1.21112
-1.77844	1.20935
-1.71708	1.1272
-1.64403	0.966071
-1.63435	0.972899
-1.65257	1.0738
-1.59882	0.935
-1.67835	1.18875
-1.60385	1.06799
-1.69092	1.32816
-1.78567	1.53466
-1.78179	1.52143
-1.9497	1.87603
-1.98062	2.02954
-2.07101	2.31299
-2.03715	2.30964
-2.06043	2.40167
-1.99186	2.18847
-2.40865	3.38409
-1.84913	2.25791
-1.98786	2.73092
-1.76992	2.1995
-1.90765	2.51246
-1.86561	2.32337
-1.90573	2.35291
-1.87215	2.09561
-1.88706	2.01438
-1.8799	1.8549
-1.78943	1.58404
-1.01293	0.944003
-0.691176	0.996073
-1.28039	1.1652
-1.94515	2.41508
-1.72512	1.73735
-0.78658	0.214675
0.386747	0.222138
0.0410755	-0.169427
-1.33677	1.02058
-1.92925	2.41957
-2.04037	2.75039
-1.93418	2.4487
-2.17267	3.0052
-2.30838	3.38195
-2.32171	3.31067
-2.35132	3.25844
-2.14235	3.10258
-1.90637	2.46888
-2.03928	2.88578
-1.94332	2.70304
-2.2123	3.33086
-2.13085	2.73108
-2.31321	3.43624
-2.23139	3.35996
-1.95281	2.64995
-1.8746	2.27733
-1.95399	2.18509
-1.95977	1.98281
-2.00621	2.11325
-1.54331	1.41297
-1.21467	1.04202
-1.06929	0.981463
-0.367409	1.12746
-0.427561	1.16957
-0.35197	0.6473
-1.31526	1.34636
-1.30037	1.42791
-1.48232	1.59856
-1.70043	2.32536
-1.85798	2.63231
-1.41552	1.34871
-1.61217	1.41296
-1.67975	1.54229
-1.62178	1.50921
-1.51619	1.11937
-1.55138	0.956043
-1.64307	1.23095
-1.42	0.896685
-1.40653	0.998326
-0.630596	0.101443
0.0540992	0.237594
-0.208606	0.108051
-0.0614078	0.0163975
0.45426	-0.129403
0.0390763	-0.0613736
-0.462066	0.253306
-1.51608	1.79366
-1.51623	2.10902
-1.70674	2.36918
-1.85689	2.54141
-2.03218	2.1307
-2.07091	2.23695
-1.9863	2.03398
-2.04215	2.11474
-2.12484	2.29019
-2.28526	2.32811
-2.10179	1.97316
-2.3067	2.33436
-2.08738	2.01432
-1.9551	1.81739
-1.74124	1.42036
-1.37632	1.09453
-0.829724	0.725119
-0.621811	0.7096
-0.592161	0.949316
-0.652818	0.946885
-0.674004	0.887223
-0.640989	1.01109
-0.74237	1.06544
-0.601283	0.799838
-0.548478	0.834876
-0.886294	0.92799
-1.00061	1.0077
-0.856646	0.706477
-0.826466	0.76448
-0.471818	0.710866
-0.822557	0.998129
-1.03776	1.26462
-0.829789	1.04028
-0.685193	1.09634
-0.748039	1.04424
-0.697088	0.983902
-0.402153	0.818745
-0.771979	0.976432
-0.331304	0.847828
-0.642358	1.08174
-0.713468	1.03969
-0.3292	1.03062
-0.433025	0.984219
-0.396506	0.780567
-0.458785	0.919494
-0.534187	1.03528
-0.481268	0.898982
-0.716195	0.950533
-0.736409	0.833625
-0.955748	0.841449
-1.4733	1.52047
-1.29115	1.51802
-1.88283	2.68207
-2.02783	2.99656
-1.98731	2.83639
-1.95512	2.75977
-1.72003	2.13706
-1.70217	1.96378
-1.72063	1.83298
-1.72213	1.62075
-1.82825	1.63572
-1.74424	1.34239
-1.73256	1.32011
-1.59505	0.918968
-1.63225	1.0152
-1.5865	0.887406
-1.51581	0.862113
-1.35683	0.603866
-1.13594	0.301948
-1.07735	0.27998
-1.03364	0.394291
-0.942721	0.478186
-0.900176	0.627092
-0.787184	0.727574
-0.555925	0.631849
-0.329166	0.514423
-0.146524	0.428134
-0.0773692	0.373897
-0.112441	0.379365
-0.245312	0.438724
-0.404195	0.577819
-0.623181	0.83332
-0.935568	1.24963
-1.32444	1.90797
-1.61214	2.39196
-1.56677	2.13523
-1.68372	2.07633
-1.59217	1.57448
-1.95105	2.42163
-1.91077	2.17512
-1.90764	2.18991
-1.78682	1.81595
-1.81147	1.99319
-2.01499	2.60366
-1.95998	2.56643
-1.68674	1.92507
-2.1718	2.81971
-2.03547	2.54288
-1.97572	2.42486
-1.96443	2.40604
-1.83168	2.09325
-1.81106	2.07024
-1.65364	1.75277
-1.60829	1.70347
-1.62706	1.69469
-1.62218	1.56687
-1.59923	1.34047
-1.47184	0.938006
-1.17829	0.525371
-1.07125	0.448265
0.0767865	-0.48183
0.481731	-0.270377
0.664019	-0.0527923
0.94662	0.428528
0.89009	0.563948
0.420518	0.540115
0.605463	0.705299
0.274089	0.467885
-0.0645024	0.58423
-0.724244	0.803672
-1.66088	1.508
-2.0305	2.3923
-1.95304	2.28634
-2.05517	2.66602
-2.00561	2.60708
-1.86844	2.28354
-1.95378	2.41908
-1.99367	2.42035
-1.9469	2.1797
-1.80045	1.64003
-1.37393	0.93697
-1.10815	0.911053
-0.828347	0.823878
-0.657607	0.72755
-0.986456	0.742482
-2.17558	2.68393
-1.76494	1.40081
-1.75186	1.4215
-1.75264	1.4457
-1.85467	1.60331
-1.70331	1.30229
-0.917575	-0.00760258
-0.196068	-0.212501
-0.0225799	-0.0717678
0.00542455	0.0399803
-0.0056961	0.334652
0.0289806	0.48042
-0.233609	0.812481
-0.40639	0.95465
-1.05221	1.19739
-1.76896	2.08947
-2.25035	3.1567
-2.10364	2.6042
-2.1576	2.89033
-1.90655	2.24835
-1.78698	2.03206
-1.48466	1.37238
-1.36119	1.16904
-1.14748	0.96881
-0.780642	0.738204
-0.96913	1.13832
-0.81485	1.08799
-0.7997	0.901061
-1.11795	1.45283
-0.939005	1.39973
-1.09441	1.22482
-1.12265	1.39816
-1.50609	2.03533
-1.37435	1.68442
-1.63864	2.1604
-2.03505	2.72401
-2.12696	2.94491
-1.99402	2.48797
-2.07821	2.68259
-2.06077	2.72288
-2.02508	2.54585
-2.04674	2.46051
-2.05979	2.303
-1.55834	1.19843
-1.1949	0.459039
-0.827506	-0.207966
-0.613303	-0.0476644
-0.401374	-0.207432
-0.0757976	0.129083
0.0232432	0.118453
0.182147	0.501453
-0.108818	0.522984
-0.454833	0.631677
-0.994199	0.405701
-1.99211	2.10543
-2.18252	2.50497
-2.33609	2.89975
-2.3273	2.76704
-2.27289	2.63281
-2.16347	2.43976
-2.15047	2.34447
-2.15664	2.21694
-2.2636	2.49534
-1.71121	1.17223
-0.982976	0.284557
-0.217992	0.00633705
0.6577	0.395321
1.04736	0.549043
1.07988	0.570297
1.25856	1.13522
1.27674	1.05878
1.13331	1.08358
0.998107	1.34467
0.668374	0.952368
0.276373	1.19556
-0.653999	0.898836
-1.65652	1.19992
-1.6361	1.33924
-1.48508	1.11836
-1.52927	1.17655
-1.44041	0.962748
-1.5799	1.20946
-1.78318	1.71977
-2.0592	2.56395
-1.96687	2.37619
-2.17475	2.86527
-2.19008	3.03971
-2.11001	2.91835
-1.88161	2.41229
-1.79727	2.27426
-1.80571	2.21851
-1.75899	2.1267
-1.84679	2.36791
-1.99707	2.58784
-1.94254	2.36985
-1.87038	2.1841
-1.99023	2.55932
-1.81996	2.02811
-1.82871	2.01595
-1.9353	2.02439
-1.69986	1.72151
-1.71082	1.71964
-1.66621	1.65758
-1.79468	1.68587
-1.77701	1.45896
-1.71423	1.77153
-1.52538	1.4893
-1.54915	1.52669
-1.36063	1.28383
-1.36604	1.4546
-1.18229	1.34238
-0.0583943	0.951786
-0.300452	0.860141
-0.602265	1.15031
-0.466517	1.13772
-1.40306	1.24104
-1.91931	1.85976
-2.18086	2.54323
-2.14943	2.26066
-2.1536	2.40937
-2.12089	2.35128
-1.78528	1.75764
-1.82312	2.21808
-1.78358	2.24229
-1.70222	2.01031
-1.03808	0.922826
-1.40596	1.46406
-1.84486	2.2242
-2.02944	2.58239
-2.00376	2.67416
-2.08263	2.87238
-1.79801	2.12151
-1.41034	1.41891
-1.91549	2.52806
-2.12845	2.89774
-1.84531	2.05494
-1.61979	1.42941
-1.59234	1.36447
-1.2461	1.05254
-0.725964	0.825244
-0.285378	0.655502
-0.374718	0.901349
-0.580495	0.854027
-0.902046	0.574827
-1.06251	0.422102
-1.42038	1.13454
-1.65065	1.55517
-1.59527	1.42501
-1.60005	1.32972
-1.65088	1.35323
-1.6853	1.38957
-0.378431	-0.458269
0.197173	-0.421556
0.494932	-0.182218
0.334641	-0.0848781
0.366291	0.0711713
-0.313229	-0.113813
-1.34651	0.756459
-1.6001	1.08868
-1.80933	1.39959
-1.76531	1.3204
-1.70747	1.22259
-1.63898	1.07861
-1.55229	1.14248
-1.44175	0.99372
-1.2656	1.07201
-1.65489	1.45687
-1.98397	2.18677
-1.97471	2.12263
-1.90906	2.16361
-1.89007	2.28772
-2.00986	2.61933
-1.82126	2.00621
-1.78397	2.00517
-2.25742	3.22655
-2.41962	3.52914
-2.12082	2.30451
-1.76819	1.65613
-1.54281	1.32325
-1.4895	1.42675
-1.01296	0.985823
-0.951914	0.95885
-0.922062	0.888215
-1.18987	1.03177
-1.44248	1.00923
-1.73973	1.34118
-2.02581	1.88668
-1.91113	1.54508
-2.0161	2.08004
-1.88321	1.90856
-1.47832	0.93304
-1.48921	0.976075
-1.52738	1.37486
-1.10477	0.836372
-0.448224	0.825711
-0.241231	0.848878
-0.0873245	0.797308
-0.7	0.717777
-1.26931	1.13669
-1.78611	2.41346
-1.86116	2.75858
-1.56561	2.19566
-1.74311	2.59423
-1.64649	2.30949
-1.7715	2.49459
-1.8897	2.61276
-2.02709	2.83691
-1.94016	2.53173
-1.81088	2.0602
-1.97059	2.28066
-1.84016	1.81914
-1.74593	1.49329
-0.645634	0.409858
-0.166009	0.508264
0.0322122	0.477553
0.043642	0.338659
0.377285	0.54331
0.1365	0.409891
-0.728472	0.390062
-1.52053	1.12861
-1.54412	1.35052
-1.5114	1.37047
-1.54438	1.39552
-1.89552	2.15986
-1.98711	2.43606
-2.12652	2.90625
-1.96454	2.4901
-1.84229	2.19567
-1.87343	2.37214
-1.68967	2.02979
-1.57038	1.88817
-1.31128	1.47841
-1.14613	1.31983
-0.858754	0.929632
-0.587181	0.539164
-0.546084	0.264109
-0.848896	0.350677
-2.00033	2.62666
-2.03856	2.65045
-1.94431	2.29746
-1.94891	2.27727
-1.91327	2.05869
-1.61581	1.29593
-1.42459	1.09938
-1.23171	1.11889
-0.976632	0.921354
-0.166923	0.67013
-0.324789	0.906047
-1.36969	1.47595
-1.56177	1.88375
-1.6488	1.76629
-1.6724	1.79252
-1.86857	2.28741
-2.05912	2.85611
-2.048	2.99568
-1.48146	1.62523
-1.70708	2.32042
-1.97471	2.93756
-2.15654	3.08314
-2.1849	2.82779
-2.17377	2.59345
-2.08861	2.41863
-1.98321	2.21297
-1.94178	2.15889
-1.8165	1.88044
-1.81955	1.93228
-1.96892	2.31234
-2.02071	2.48567
-1.86947	2.21573
-1.73925	1.99619
-1.7922	2.25089
-1.82826	2.37509
-2.13448	3.05832
-2.03126	2.90414
-1.84014	2.45978
-1.94984	2.73542
-1.83868	2.38839
-1.7656	2.033
-1.10872	0.750852
-0.910042	0.297678
-0.616203	-0.082185
-0.435653	-0.194129
-0.325615	-0.251161
-0.216737	-0.170986
-0.248352	-0.0255128
-0.415419	0.279606
-0.778759	0.793021
-1.00768	1.16012
-1.3487	1.70961
-1.54255	1.98386
-1.59526	2.00394
-1.82188	2.38458
-2.07364	2.92921
-1.80754	2.42356
-1.76122	2.35108
-1.24646	1.28002
-1.72363	2.22915
-1.46762	1.70079
-1.41066	1.52148
-1.37826	1.37144
-1.50595	1.49167
-1.54501	1.35078
-1.68311	1.41335
-1.7339	1.39965
-1.83773	1.61041
-1.93225	1.93336
-1.90129	2.01529
-2.02148	2.33775
-2.04008	2.49613
-1.76699	2.14829
-1.85101	2.34711
-1.73902	2.12727
-1.71845	2.08085
-1.80804	2.20771
-1.63294	1.78458
-1.1268	0.544867
-0.586842	-0.120398
-0.454202	-0.103216
-0.306694	0.0409235
-0.2472	0.240591
-0.338748	0.449732
-0.515342	0.638975
-0.703082	0.809474
-0.98833	1.06097
-1.35886	1.45897
-1.64856	1.65969
-1.55869	1.06086
-0.992781	0.358394
-0.27025	0.035772
0.476103	0.257034
0.601079	0.209232
0.524108	0.278496
0.676323	0.594977
0.479161	0.569588
0.387032	0.561777
0.31366	0.551795
-0.192528	0.624568
-0.397991	0.692577
-0.656659	0.823365
-1.15364	1.29916
-1.75342	1.68893
-1.67016	1.51208
-1.50811	0.826644
-1.51711	0.897531
-1.58019	1.15419
-1.6471	1.6226
-1.54085	1.39219
-1.38025	1.38448
-0.979979	1.0563
-0.910254	1.2257
-0.745831	1.14677
-0.434853	0.745623
-0.339115	0.643983
-0.379966	0.689595
-0.458627	0.666898
-0.674392	0.884572
-1.01688	1.32633
-1.1049	1.37137
-1.29661	1.55658
-1.38022	1.47051
-1.21784	1.06715
-1.33945	1.11397
-1.39904	1.08304
-1.21949	1.00756
-0.943514	0.759795
-0.88342	0.978859
-0.447474	0.630662
0.196742	0.905299
-0.601821	0.817085
-0.423795	0.573776
-0.377594	0.614639
-0.508643	0.362269
-0.931869	0.601424
-0.608115	0.149764
-0.71856	0.592403
-0.611454	0.566898
-0.726254	0.809113
-0.911908	1.36959
-0.312359	0.714359
-0.514331	1.17607
-0.345225	0.884208
-0.576972	0.794265
-0.594439	0.948341
-1.09847	1.4816
-1.11661	1.39132
-0.784405	0.871602
-1.03603	1.23693
-1.547	1.96871
-1.82407	2.07478
-1.82384	2.05097
-1.96693	2.17103
-1.73844	1.74257
-1.86985	2.20177
-1.66878	1.8207
-1.56917	1.98908
-1.26435	1.51549
-1.27641	1.5694
-1.20701	1.23202
-1.15324	1.17243
-1.05508	1.25546
-0.802131	1.27996
-0.544127	0.771166
-0.635049	0.923227
-0.717926	1.08951
-0.671402	1.07968
-0.57935	0.861418
