0.808514
0.996819
0.997135
0.968429
1.01209
0.77122
1.02339
0.721018
0.808082
1.08151
1.02674
0.975446
1.0699
1.05054
0.835853
1.85917
2.18554
1.73528
2.58522
2.34378
2.03545
2.13491
1.937
2.6346
2.37196
2.17591
2.40283
2.37009
2.48756
2.61449
2.84893
2.77363
2.80968
2.58666
2.74606
2.5898
1.76209
1.9871
1.82109
1.65056
1.60467
1.95639
1.97657
1.42382
1.54351
1.323
1.11834
0.599456
0.70817
1.02965
0.751006
0.325458
0.257792
0.238411
0.277423
0.301951
0.477266
0.983927
1.16881
0.923063
1.24157
1.70658
1.7043
1.91835
2.11607
2.24459
2.34299
1.84243
1.78952
1.85066
1.60536
1.44687
1.46034
1.129
0.930707
0.430045
0.0564106
-0.403521
-0.41747
-0.0935742
0.101924
0.0402041
0.251293
0.386693
0.327725
0.548049
0.946002
1.272
1.54061
1.97998
1.76887
1.93538
1.9448
1.48257
0.212217
0.240905
0.218137
0.283885
0.189658
0.0057299
0.0911167
0.544902
0.596028
0.845073
0.870015
2.36427
2.75409
2.18822
0.45427
0.820237
1.65014
2.32016
2.21927
2.04532
1.54881
0.99968
0.957298
0.563513
0.305453
0.140258
0.03821
0.281134
0.718154
0.914838
0.878114
0.864481
0.913122
0.631708
0.602794
0.788033
0.960854
0.883308
1.02043
0.834693
0.867399
0.718895
0.413114
1.00481
1.48318
1.56242
1.27898
1.10552
0.457634
0.616481
1.23043
1.1134
1.28489
1.38172
1.6122
1.54669
1.07399
1.05375
1.44474
1.51449
1.98651
2.11319
2.16751
2.0819
2.23866
2.30688
1.50726
1.62045
1.25114
1.35829
1.51044
1.63593
1.15235
0.771659
0.587565
0.889314
1.071
1.41691
1.07926
1.21996
1.30294
1.53053
1.62262
1.85803
2.00511
1.37758
2.02274
3.1245
2.01675
1.49323
1.62792
2.57301
2.05933
1.94048
1.85953
1.48761
1.52367
1.15477
1.32129
1.29634
1.18722
1.16216
1.02917
0.94874
1.08254
0.998942
1.17964
0.90896
0.950335
0.97656
1.01828
0.626385
0.570473
0.76682
1.03448
1.16485
1.07766
0.77665
0.920032
1.022
1.022
0.857166
0.876894
0.965593
0.607919
1.47787
1.12346
0.684592
0.233521
0.734154
1.24727
1.31556
1.41555
1.40202
1.64547
1.39833
1.38906
1.46394
1.39408
1.18088
1.09103
1.2401
1.35448
1.33378
1.25539
0.91605
0.505631
0.524757
0.548513
0.691756
0.829924
0.890198
0.91498
0.879137
0.82537
0.917303
0.921488
1.33819
2.59231
2.84686
1.47059
1.60277
2.06512
2.72788
1.59382
2.01376
2.39638
1.96651
1.69467
1.49208
1.29682
1.34663
1.15612
1.12952
1.22946
1.28144
1.3586
1.64257
1.96365
1.62852
1.52173
1.53859
1.51912
2.11903
2.22473
2.05955
2.21199
2.40908
2.18246
2.32089
2.01248
1.29851
1.34445
1.63646
2.09577
2.0333
2.50675
2.48382
2.44014
1.96255
1.99645
2.01906
2.14419
1.1368
0.998727
1.01218
1.03264
1.07425
1.1123
0.632034
2.23445
1.79152
2.25949
3.43901
2.8542
1.70792
1.39902
1.52973
1.01294
1.13803
0.901544
1.03986
1.64532
0.866262
0.759783
0.793278
1.07191
1.13444
1.14616
0.884722
0.838862
0.920951
0.944579
0.816046
1.15589
1.89096
1.3939
2.01675
0.864186
0.686835
-0.418117
-0.197449
0.165166
0.540574
1.1379
0.968477
0.987725
0.97229
0.735615
0.299325
0.804432
0.595909
1.02975
0.952294
0.90803
0.575896
-0.368463
-0.418899
0.131565
0.364852
0.527876
0.754059
0.549349
0.448577
0.492358
0.95028
0.880461
0.869373
2.20616
3.04057
3.54486
3.46205
2.38651
2.42032
2.36537
1.73531
0.98766
0.376975
0.170117
0.386987
1.39105
2.04962
2.6891
2.24294
1.88367
1.83381
1.56709
1.24774
1.2261
1.03273
0.956187
1.20701
1.26379
1.18061
1.07158
1.87393
2.47636
2.19346
2.53595
2.67012
2.01324
1.29228
1.21506
0.614057
0.337303
0.893066
1.04307
1.20697
1.14389
1.01828
1.50442
0.866671
1.88202
2.45312
2.76921
2.29996
2.40635
2.05568
2.12595
2.23033
2.49391
2.61871
2.28831
2.42524
2.04588
2.11574
1.72091
2.14384
1.66274
1.50112
1.04232
1.15573
1.08359
0.905204
0.863491
0.925229
0.823787
0.998652
1.09477
0.929598
0.888819
0.948465
0.883074
1.00783
0.854867
0.955622
0.78394
0.383336
0.642561
1.01551
0.846955
0.851777
0.494902
-0.0262036
-0.136596
-0.0348233
0.195836
0.293098
0.482785
0.795823
0.60609
0.521282
0.641134
0.40109
0.74753
0.713707
0.702392
0.978485
2.27143
2.06725
2.09824
2.00791
1.92088
1.81715
0.0277088
-0.291864
0.194705
0.394483
0.183809
0.471216
0.196924
0.232672
0.840482
1.3089
0.895814
1.37483
2.09823
2.1269
2.27771
2.06077
1.81869
1.85093
1.92029
2.08947
2.36224
2.19194
1.87012
1.96808
1.70878
1.5088
1.63333
1.12271
0.659991
1.19573
0.998742
1.56658
2.53537
2.92341
2.68129
2.18296
1.92904
1.84496
2.21947
1.45026
1.27027
0.66259
0.817535
1.01347
1.06789
1.08854
1.16146
1.09681
0.91852
1.10008
1.11157
0.920416
1.0416
1.0752
1.05943
1.24284
1.51357
1.56488
1.41717
1.74027
1.66556
2.02779
1.78475
1.45987
1.53141
1.8353
2.10509
2.02028
1.27636
0.819179
0.697018
0.759655
2.21417
2.11739
2.15443
2.02452
2.44565
2.20215
1.98723
1.70995
1.47952
0.979766
0.472244
0.236193
0.144437
0.292024
0.563851
0.857223
0.987271
0.816793
0.942016
1.12737
1.04822
0.923493
1.05126
0.806723
0.0840948
0.220003
0.431205
0.630296
0.570331
0.559499
0.752009
0.743481
0.687495
0.458237
0.293843
0.320057
0.847593
1.89973
2.28991
2.2589
1.98241
1.96687
2.34878
2.55136
3.06274
3.09518
3.22393
3.58456
2.82532
2.60246
2.15108
1.97588
1.11096
0.700375
0.911348
0.934924
1.37494
1.08953
1.09593
1.05837
0.892787
1.03705
1.07525
1.05197
1.08473
0.719509
1.10029
0.984371
1.01401
1.12543
1.01056
0.857217
0.938421
1.29479
1.11402
1.34645
1.12328
1.12847
1.48086
1.38981
0.809597
0.771213
0.975399
0.657454
0.803875
0.750456
0.396347
0.0568027
0.0857116
0.169067
0.267804
0.412358
0.491707
0.62845
0.407495
0.557451
0.483371
0.710771
0.458615
0.443978
1.37223
1.92732
1.90681
2.37979
2.27445
2.02315
2.11214
1.92231
1.98914
2.42717
2.53167
2.55055
2.80995
2.63216
2.23278
2.57545
2.37409
2.43024
2.29642
0.609721
-0.177996
0.0901577
0.366938
0.19339
0.223001
0.396015
0.275915
0.0738461
-0.122125
-0.0640406
1.03417
1.76941
1.98517
2.21446
2.38143
2.70683
2.76845
2.81729
1.94267
0.768094
0.633485
0.90036
1.16809
1.11156
0.912805
0.903288
0.8478
1.14878
0.70348
0.411038
0.359522
0.4375
0.512688
0.838175
0.991634
0.859284
0.796821
0.858433
0.943553
0.936568
1.6421
1.98321
2.43161
2.56598
2.28175
3.27363
2.90523
2.44291
2.57979
2.75975
2.50894
2.3539
2.33189
2.14001
2.12628
2.31956
1.66195
1.93555
1.61425
2.02633
2.34323
1.82846
1.87458
1.58151
1.16526
1.37638
1.3552
1.16711
1.16652
0.832279
1.09592
0.857475
1.48861
1.39014
0.446367
0.0624369
0.198421
0.220405
0.58996
0.970292
1.9739
1.71814
1.58857
1.1226
0.707673
0.909459
0.950228
0.920795
0.983327
0.999682
1.08355
1.00009
0.91323
0.965962
0.909671
0.810627
1.63796
1.68265
2.22593
2.48905
2.90114
2.5751
1.57267
0.467454
0.138028
0.408339
0.465954
0.428979
0.424053
0.648404
0.674887
0.593508
0.359508
0.411503
0.248827
0.355376
0.323521
0.216063
1.94785
1.95754
1.22533
1.34488
2.44151
3.25351
2.85939
2.32047
1.65823
1.60035
1.57205
1.96377
2.15074
2.1431
2.05093
2.39243
2.32316
2.12483
2.39573
2.58805
2.43281
2.5772
2.56202
2.61769
2.59545
2.72676
2.70528
2.64724
2.4857
2.06686
1.42793
1.11407
0.832827
0.723522
0.840816
1.08296
1.14949
0.665659
0.677469
0.799807
0.669595
0.480593
0.42947
0.450005
0.472093
0.22683
0.39689
0.460525
0.413272
0.245414
0.138632
0.0142176
0.161688
0.298848
0.245231
0.578695
0.876056
0.812281
0.897191
0.999323
0.743683
0.676829
0.915269
1.05011
0.805493
0.956489
0.977081
0.554552
0.914563
0.797863
0.996863
1.00826
0.991626
0.81885
0.851114
1.05934
1.11177
0.969538
0.899572
1.09385
1.30115
1.35032
0.137586
0.350027
1.39826
1.27575
1.16729
0.842164
0.829237
0.497458
0.599256
0.592941
0.323266
0.233523
0.224663
0.253365
0.165132
0.145754
0.14119
0.236641
0.228203
0.630804
1.19705
1.61736
1.62869
1.73717
1.96948
2.40058
2.8372
2.33673
3.02444
2.50127
2.50064
2.16224
1.84156
2.11721
1.99527
1.62612
0.632056
-0.463715
-0.473507
-0.249403
-0.415122
-0.227954
0.272886
0.73811
0.567309
1.02265
1.03148
1.05375
1.38568
1.00105
0.574942
0.161137
-0.00653187
0.225065
0.0988891
0.26208
0.846525
0.420859
0.425101
0.283111
0.392916
0.638719
0.686109
0.675817
0.49107
0.908634
0.99562
2.12027
1.49672
1.19402
1.40769
1.90644
1.44704
0.998206
0.756699
0.648798
0.521928
0.55345
0.729436
0.359699
0.302937
0.0300183
-0.0277191
-0.189375
0.381977
0.957123
0.763152
1.16663
1.34467
2.18515
2.07312
2.10007
2.28284
2.44574
2.92625
3.30213
2.60062
3.48238
2.67538
1.87152
1.90071
1.61104
1.47409
1.47455
1.55994
1.94118
2.24501
2.4043
2.6114
2.57719
3.03388
2.58299
2.22649
2.87554
2.44439
2.19842
2.21932
1.55617
1.26139
1.83125
2.05553
2.16944
2.33342
2.51899
2.64732
1.78207
2.48921
2.15217
2.49318
2.88702
2.92158
2.28322
1.90958
1.7003
1.723
1.25835
0.706674
0.87461
1.14064
1.15284
1.27007
1.08872
1.30237
0.936487
1.02679
1.20729
0.96001
1.18866
1.3667
1.17875
0.917735
1.20301
0.838922
1.30557
1.13824
0.899901
1.14112
1.13197
1.118
1.10259
0.921583
1.0878
0.934982
1.13213
0.897883
0.434925
0.778565
1.68059
1.58689
1.32352
1.83199
1.78059
1.92593
1.70496
1.9599
1.72656
1.46811
2.11723
1.94077
2.12715
2.22735
2.01667
2.07652
2.02034
1.94734
1.17321
1.46574
1.31257
0.978859
0.801552
1.50496
1.91068
1.75682
1.65038
1.85109
1.85076
2.01408
1.69873
1.66487
1.46649
1.53792
1.69797
2.10901
1.49307
1.58999
1.38628
1.16113
1.11677
1.15909
1.18431
1.02422
1.07002
0.723538
1.8616
2.4945
2.55123
1.30795
2.29634
1.93145
1.94903
2.27886
2.21042
2.36314
2.15398
3.56141
2.89492
2.69608
2.40677
2.30674
1.80036
2.28762
1.48845
1.23096
1.3227
1.18772
0.860462
0.996717
0.910054
0.63799
0.41737
0.582442
0.630253
0.454033
0.26145
0.23831
0.351401
0.590799
0.937917
1.26146
0.918316
0.778073
0.810206
0.814587
1.0269
1.58649
2.23441
2.02119
2.09131
1.78717
2.03225
1.66624
1.50705
0.583865
0.333162
0.531078
0.545134
0.634898
0.423031
0.55371
0.578267
0.410912
0.540591
0.968485
1.2412
1.71406
1.52267
1.31326
1.48822
1.7697
1.83333
1.65272
0.428236
-0.203195
0.109158
0.90831
1.24547
1.22948
1.08356
1.04619
0.785787
1.18217
1.02956
1.05875
1.19658
1.26903
1.2555
1.38774
1.56899
1.43698
1.61424
2.13179
2.60102
2.39374
2.53052
2.2905
2.62423
2.76567
2.98178
2.26507
0.958212
0.155708
-0.223286
0.179351
1.00218
0.977907
0.583064
0.494119
0.376995
0.185084
-0.189201
-0.0869893
0.438934
0.383481
0.361403
0.895773
0.627653
0.69271
0.725385
1.1103
1.04464
1.16049
0.828411
1.07042
0.876422
1.01939
1.07981
1.00646
1.04625
0.90239
0.663007
0.49399
0.685198
0.906968
1.10743
1.00276
0.894684
0.984882
1.06698
1.22839
0.945427
0.910756
0.950552
1.02617
1.07688
0.863643
0.828972
0.875601
0.998388
0.814844
0.910872
1.05675
0.900611
1.04507
1.01468
0.963716
1.34518
1.84353
1.67727
2.23628
2.48861
2.37946
1.87277
1.71723
2.03973
2.04743
1.46219
1.35995
1.14367
1.51321
1.38888
1.19293
1.12888
1.21095
1.0953
0.705024
0.724499
0.820826
0.914503
1.17789
0.911993
0.950202
1.03153
0.704895
0.669107
0.872516
1.14639
1.12625
1.65166
1.20403
1.24194
1.21462
0.994247
0.962802
1.07608
0.310373
-0.200571
-0.293857
-0.145481
0.0471919
1.02615
0.259155
0.363714
0.498724
1.01489
1.02701
0.933005
0.962511
0.22244
0.728696
1.03729
1.50793
1.95636
1.79675
1.56419
1.69524
1.9915
2.04079
1.72837
0.542293
0.499429
0.223848
0.182529
0.161911
0.147905
0.444334
0.546961
0.477
0.519976
0.709245
0.406309
0.694247
0.717119
0.49801
0.523622
0.547159
0.602042
0.526257
0.673467
0.900491
0.827012
0.955087
1.03962
1.14628
1.15411
1.02286
1.0823
1.11906
1.18149
1.23703
1.28554
1.42251
1.9025
2.8638
2.56312
2.03438
2.49384
2.3319
2.3803
2.56237
2.94115
2.55016
2.78954
2.99391
1.85045
1.74178
1.95122
1.69176
1.77523
1.66013
1.25079
0.527699
0.169962
-0.19494
-0.209631
-0.181316
0.0586125
-0.0600084
0.850141
1.32122
1.43239
1.33488
1.52231
1.48129
1.28836
-0.049634
-0.122587
0.621714
1.30939
1.46076
1.24347
1.32174
1.15785
1.61291
1.57233
1.54272
1.61602
1.66477
1.64254
1.54477
1.72023
1.6908
1.70765
1.62731
1.48991
1.59681
1.81452
2.0157
1.9777
2.43198
2.25151
2.00296
1.84083
0.33389
0.141243
-0.0446956
-0.155118
0.375408
0.538087
0.500673
0.647643
0.546043
0.740684
1.00177
2.01379
1.92218
2.04617
1.52613
1.64367
1.23945
1.34537
1.16458
0.911856
1.13397
0.814201
0.975198
1.05073
0.76369
1.01285
0.963958
0.751312
0.544446
0.348754
0.487879
0.510525
1.18001
1.72831
2.01395
2.28318
2.4516
2.05291
2.11348
1.70247
1.42869
0.777779
0.105912
0.0593963
0.204618
0.43104
0.417185
0.551739
0.645913
0.59555
0.573589
0.584842
0.767962
0.713186
0.566851
1.48229
0.453294
0.386075
0.282634
-0.320575
1.25291
1.28574
1.36261
0.969184
0.845997
0.0819817
-0.19188
0.0199686
0.301746
0.266996
0.200692
0.207387
0.23774
0.474366
1.18575
1.18387
1.19751
1.6151
2.28826
2.26261
2.61133
2.67396
2.95746
2.84321
1.86802
1.01456
2.76446
3.45522
2.04924
1.87677
2.35328
2.32892
1.84662
1.75444
1.54608
1.53142
1.01593
1.18014
0.710012
1.31893
1.08264
0.590673
0.719366
0.122785
-0.0177992
0.471045
0.546285
0.487593
0.410606
0.440478
0.483614
0.3872
0.584214
0.507906
0.571612
0.411887
1.05495
0.955113
0.946492
0.90844
1.06666
0.987214
0.885459
0.769358
0.967244
0.998104
0.985959
1.07896
0.841754
0.982234
1.05409
0.808826
1.2206
0.952872
0.949741
1.10168
0.831353
0.886741
0.812588
0.570096
0.707372
0.84934
-0.297837
-0.38605
-0.288937
-0.232718
-0.155082
-0.056746
0.0336272
0.240417
0.55777
1.31285
1.73643
2.18883
2.06873
2.39139
2.21528
2.08016
2.06982
1.85763
2.03676
1.32684
0.781659
3.00771
1.77974
1.47559
1.23905
1.1109
1.05502
1.13819
1.2081
1.2409
1.44523
1.56061
1.21653
0.877321
0.544488
0.812397
0.817321
0.621583
1.14987
0.496614
0.086045
0.0893687
0.142535
0.134631
0.885497
1.22107
1.17713
1.21773
0.315572
0.401773
0.836644
1.17218
0.884127
1.5318
2.02887
1.40992
1.35851
1.32367
1.36479
1.85089
1.68104
2.16817
2.61608
2.5045
3.0702
2.48839
2.66127
2.64738
2.47364
2.30338
2.52714
2.78616
2.11706
2.41343
2.16121
2.01149
1.81728
1.57034
1.679
1.39862
1.06471
1.01022
0.7803
0.720125
0.713357
0.679084
0.827355
0.82379
0.997805
1.21486
1.68241
1.31423
1.31745
1.50385
1.01546
0.733191
1.0218
1.59842
2.09861
2.36307
2.86464
2.19423
1.78155
1.60563
1.50488
1.05975
0.948057
1.3266
1.52077
1.41549
2.43175
1.98887
1.66471
1.69796
1.53429
1.33406
1.56983
1.4608
1.42932
1.35051
1.25543
1.18116
1.74324
1.60332
1.93109
1.97751
2.13511
2.08339
2.42562
3.22536
3.96233
3.58283
3.21684
2.30988
2.31748
2.72881
2.1529
1.63803
1.32347
1.29928
1.14373
0.277666
0.188805
0.449692
0.67279
0.504489
0.433154
0.565359
0.600901
0.530741
0.648722
0.579943
0.496874
0.387924
1.18017
0.800016
0.850736
0.981629
1.42356
1.18611
2.04362
1.5912
1.07645
0.485718
0.408055
0.29463
0.30853
0.431516
0.58016
0.790526
0.727561
1.07942
0.818161
0.765435
0.912171
0.674495
0.599399
0.746414
1.17795
1.76751
1.50608
2.1252
2.03414
2.48221
2.9187
2.93856
2.36708
2.10678
1.83732
2.04213
2.11004
1.86255
1.10467
0.414576
0.35914
0.40173
0.576191
0.591349
0.37188
0.149886
0.539405
0.328445
0.403515
0.64747
0.806591
0.626235
0.742607
0.872251
1.01454
1.18368
0.86693
0.974013
0.919733
0.809857
0.900817
1.04886
0.908548
1.2641
1.2577
0.944813
1.17767
1.01938
1.12173
1.51302
2.19462
2.55296
2.17697
1.68566
1.72695
2.07276
1.61728
1.6772
1.26544
1.28389
1.0148
1.0899
1.10266
0.552243
0.859548
1.04834
1.00831
0.96052
0.905165
1.12736
0.99261
1.99013
1.91656
2.10865
2.51702
1.94571
1.90283
2.3178
1.7994
1.67073
1.80996
1.43884
1.8399
1.42486
1.5532
1.46399
1.1739
1.43089
1.26301
0.950943
0.952724
0.82373
0.923977
1.07405
0.880323
1.11767
0.821215
1.07948
0.988448
0.970182
0.915292
1.06334
1.01563
1.06243
1.22822
1.10906
1.07279
0.930929
0.90946
0.914552
0.972898
1.28672
1.00526
1.60154
1.66535
1.47789
1.91357
1.48856
1.39671
1.26624
1.5692
3.16057
2.52379
1.98663
2.17956
2.00652
2.04069
2.19346
2.26101
2.40491
2.18191
1.95436
1.44516
1.38892
1.57017
1.75729
2.09642
2.33431
2.64941
3.24527
1.8361
1.72264
1.76282
1.67334
1.99866
0.0794249
0.261462
-0.228946
-0.189094
-0.0771255
0.246224
0.325889
0.0447857
0.311307
0.660831
0.196973
0.137159
-0.0814797
0.0834972
-0.142903
-0.38075
-0.513921
-0.783145
-0.4841
-0.481746
-0.314465
0.128597
0.481227
0.159793
0.240109
0.976379
1.15228
1.99879
1.73322
1.93399
2.17047
1.94762
1.59194
1.67215
1.42159
1.15104
1.13207
1.17279
0.830197
0.61706
0.46964
0.494501
0.574632
0.715311
0.915816
1.39694
1.34278
1.72936
1.80573
1.93373
2.01041
2.19552
2.01835
1.52258
1.76428
2.53522
1.61994
1.22572
1.11752
1.08964
1.78639
1.51692
1.55166
1.64451
0.683978
0.35864
0.366543
0.530073
0.587983
0.394855
0.394839
0.330671
0.416543
0.558474
1.14462
1.92116
1.78968
2.2678
2.43421
2.4772
2.61609
2.76614
2.84991
2.98901
2.46732
2.13935
2.02166
1.8473
1.08822
1.56536
1.0037
1.00488
1.09387
0.675632
0.638382
0.952014
1.28142
1.47615
1.31183
1.487
1.67042
1.30883
2.19185
2.41712
2.30377
1.93452
3.03894
2.52224
1.75315
1.18547
1.38008
2.39514
2.15251
2.13776
1.7219
1.75526
1.51839
1.62566
1.82301
1.36808
1.42473
1.78103
1.68959
1.30987
1.39564
1.06762
1.22832
1.05578
1.48198
1.15964
1.02237
1.16119
0.898164
1.18898
0.797906
0.91345
1.05985
0.896649
1.07101
0.711863
0.772734
0.888202
0.775705
1.06006
1.18919
0.988989
0.85149
1.08265
1.00721
1.04029
1.28941
1.62953
1.17217
1.2256
1.6619
1.32413
2.68146
2.57434
2.02075
1.91348
1.8652
1.84513
1.7456
1.52272
0.973528
1.0429
0.989662
0.920837
1.05001
0.795699
0.820018
0.935611
1.30887
1.0869
0.748267
0.731969
0.556431
0.84301
1.00291
0.91965
1.23248
1.36785
1.60801
1.60804
1.91316
1.56255
1.31145
1.02417
1.05748
0.616087
0.56354
0.54958
0.361602
0.557563
0.810892
0.860147
0.871578
0.573546
0.708417
0.475595
0.772088
0.876781
0.718969
0.629873
1.33672
1.13125
0.980273
0.986568
0.91431
0.981731
1.15727
1.28404
1.35909
1.55096
1.67612
1.68285
1.80207
2.09389
1.89706
2.28045
2.06422
1.87994
1.98755
1.7748
1.62814
1.65232
1.89201
1.8653
1.9303
1.82125
1.27115
1.03085
1.48997
1.75809
1.44804
0.533932
0.365138
-0.285358
-0.0604305
0.0787757
0.255267
0.382696
0.684126
0.634974
0.590828
0.655729
0.557792
0.676473
0.770145
0.864358
1.27234
1.75087
2.07763
2.28444
2.58953
2.14985
2.30992
2.21832
2.32207
2.00509
2.06129
1.99432
1.92218
2.27269
2.45393
2.12966
1.43996
1.87028
1.87531
0.986063
1.06124
1.19233
1.22109
1.06469
1.50341
1.68425
1.83481
2.21438
2.07542
1.48407
0.91109
1.19273
1.13294
1.09015
0.310409
0.273703
-0.0187954
0.358492
0.684339
0.688254
0.347283
0.494215
1.19645
1.95847
1.5927
1.24673
1.78796
2.2397
1.86494
1.63333
1.67496
1.20571
1.02169
1.04999
0.908741
1.03372
1.17073
1.00586
1.28307
1.56375
2.8335
2.77692
2.44479
2.48503
2.24157
2.30578
2.69707
2.49637
2.7801
2.50198
1.89011
0.941653
0.202051
-0.0754531
-0.206534
-0.149155
0.146706
0.641709
1.09659
1.54926
1.83114
2.06451
1.94887
2.09083
2.49483
2.1627
1.90517
2.20613
2.4597
2.17753
2.51285
2.73359
2.44134
2.41667
2.25239
2.44825
2.48237
2.70963
3.2549
2.81186
2.92935
2.85117
2.29374
2.03459
1.70628
1.31311
1.35493
1.07045
0.869901
0.956228
0.882888
1.18363
0.91398
0.758094
1.22131
0.842779
1.15035
0.609728
0.432338
0.396505
0.421282
0.488194
0.74624
0.520851
0.503573
0.461447
0.573659
0.191056
0.425657
0.67945
0.758959
0.87324
0.727963
0.826171
1.11662
1.91112
1.73599
1.99917
2.04572
2.73685
2.5951
2.4773
1.50703
1.37638
1.15717
0.00717066
0.065449
0.282211
0.567327
0.634006
0.66169
1.00469
0.736067
0.444462
0.272612
0.496211
0.832044
0.892281
1.45051
1.62851
2.73814
2.78499
2.60555
1.6376
0.998927
0.773843
0.690953
0.763942
1.24663
1.22149
1.21617
0.984802
1.21442
1.18574
1.03371
1.84004
1.69329
1.98473
2.44276
2.28374
2.49836
2.38136
2.11856
2.10397
2.34541
2.11934
2.13116
1.88947
2.00642
1.17959
0.833192
0.662975
0.806853
1.13531
0.91013
0.626396
1.23307
1.9408
1.99141
1.81808
1.69884
1.67774
1.64311
1.66594
1.53416
1.54456
1.68621
1.09363
1.22367
1.74615
1.97883
1.82184
1.40514
1.41928
1.45008
0.676954
0.495994
0.400029
0.49333
0.477835
0.427189
0.598964
0.235061
0.365624
0.654823
0.605686
0.680406
1.1046
0.9104
0.970885
0.880346
1.0878
1.02317
0.900704
0.962124
0.93355
1.19885
0.944018
1.30304
1.8366
2.15326
2.089
1.83868
2.1881
1.76221
2.20362
2.48851
2.35743
2.59634
2.46327
2.77304
3.89298
4.01216
2.804
3.09572
3.9225
3.39618
2.91116
3.204
3.421
3.3572
2.57955
2.58552
2.28669
2.26331
1.26709
0.564692
0.59114
0.75371
0.725088
0.364969
0.427507
1.67521
2.32703
2.34819
1.67535
1.39918
2.04559
2.37042
2.49758
2.35913
1.70842
1.47142
1.10769
0.924853
0.855402
0.980821
1.45776
2.26377
2.15042
2.30774
2.48157
1.52182
1.48781
1.3493
1.18448
0.401744
0.0318716
0.241788
0.431962
0.651031
0.597675
0.832102
0.674021
0.608407
0.633078
0.671535
0.778981
0.767579
1.08339
0.977672
1.03222
0.664946
0.949193
0.981364
1.37643
1.16525
0.204178
0.870464
1.50001
1.41288
1.56842
1.31678
1.44248
1.54024
1.50404
1.74681
2.45696
2.25467
1.3971
1.27936
1.40509
1.68647
1.36154
1.21683
1.34278
1.26716
1.13364
0.901148
0.842439
1.75693
2.09295
2.01696
2.44013
2.74947
2.26041
2.18917
1.91189
1.69398
1.17619
1.36967
1.27291
1.20693
1.13288
1.09285
1.2378
1.391
3.23318
2.60314
2.19628
2.18409
2.56694
3.13882
2.95288
2.77186
3.03623
2.62102
2.54323
1.74097
1.87013
1.7576
1.82115
1.87909
2.07506
2.56125
2.28812
2.0607
1.74718
1.80976
1.65371
1.50413
1.13796
1.01879
0.593666
0.614698
0.231958
0.280649
0.197428
0.24524
0.509774
0.671007
1.18846
1.05726
1.14318
1.47858
1.11439
1.07616
0.949435
1.10485
1.12518
0.900531
1.08442
1.48983
1.97256
3.02107
2.5536
2.40817
2.49794
2.4848
2.01039
1.95621
1.56761
1.72371
1.48786
1.036
1.13515
0.701838
0.763316
0.788318
1.3581
1.26579
1.22987
1.23757
2.08679
2.00267
1.53382
2.28539
2.02452
2.45205
2.48052
2.52086
1.9807
2.35513
2.33805
2.32147
2.47357
2.57715
2.4837
1.85274
1.79776
1.60041
1.90591
2.66926
3.04418
2.95055
1.90617
1.82509
1.52518
1.44034
1.60479
2.1539
2.14173
1.85976
1.47137
1.7925
2.09361
1.66678
1.0495
0.999084
0.0955262
-0.132737
-0.0585378
-0.0982521
0.344015
0.434039
0.226245
0.163554
0.164686
0.647912
1.58264
1.4217
1.43411
1.80402
2.38776
2.04506
2.03045
1.1214
1.07177
0.872861
0.765288
0.536786
0.582447
1.81278
2.44377
2.19723
2.03649
1.97015
2.35186
2.95574
2.92356
2.85191
2.79203
2.84235
3.12306
3.19204
2.71726
2.58074
2.20457
2.45685
1.76938
2.23597
2.09717
2.27544
1.67446
1.47448
1.65853
1.43777
1.12186
1.138
1.04291
0.915492
0.760722
1.22756
1.14797
1.12167
0.947044
0.927998
0.984546
0.956418
0.868427
0.872819
0.94769
0.954303
0.833205
1.06086
0.846864
0.702705
0.73123
0.9448
0.993433
0.832036
0.809939
0.748245
1.34238
1.90743
2.15162
2.05652
1.77528
1.87413
1.48798
1.57166
1.64162
1.63698
1.69349
1.58671
1.49039
1.59197
1.56441
1.64968
1.63837
2.34099
2.08296
1.57264
1.28247
0.27158
-0.280344
0.0769982
0.46267
0.46773
0.669022
0.42622
0.611564
0.6072
0.522938
0.755287
1.58409
2.76714
2.0466
2.12432
1.76825
1.27978
1.04068
0.704627
0.429747
0.196511
0.0468528
1.02584
1.32973
1.0022
1.44256
0.99801
0.85606
0.937136
0.698805
1.19392
0.836099
1.15442
1.77772
2.3314
2.65791
2.80224
2.82754
2.46496
2.03633
1.8085
1.81388
1.73779
2.01831
2.19849
1.98394
1.72216
2.11345
1.61759
1.35295
1.42977
1.29414
1.22068
1.24139
1.45508
1.2817
1.59657
1.96606
2.35216
2.51916
2.34827
2.38383
2.42648
1.96992
1.62201
1.54397
1.83289
1.69682
2.24091
1.93281
2.27545
2.6007
2.789
1.74627
1.3356
2.8815
2.47528
2.63416
2.5729
2.33213
2.59516
1.55065
0.215485
-0.047568
0.185542
0.268178
0.510247
0.882919
0.977016
0.660572
0.735791
0.65587
0.677294
1.14987
1.7132
2.18898
2.09924
2.37632
2.00588
1.94309
1.86388
1.77403
2.12232
2.42875
2.5919
2.42345
2.35021
2.10041
2.15224
2.39386
1.73865
1.26351
1.8183
2.30118
1.36367
1.75258
2.26908
2.22639
2.74366
2.31614
1.97757
1.72171
1.34977
0.991236
0.853809
0.387629
0.189885
0.253064
0.360309
0.285016
0.341509
-0.0128124
0.147784
0.196809
0.2574
0.374128
0.449935
0.634751
0.720828
0.717847
1.30103
1.48473
1.37922
1.2738
1.31589
1.56672
1.19307
1.4266
1.43273
1.39227
1.2005
1.38868
1.05002
0.8444
0.930144
1.10321
0.950095
0.993252
1.07542
0.68208
0.917463
0.91649
0.957543
1.01179
0.741807
1.08539
0.951343
0.997482
0.97741
1.07895
0.927947
0.984978
1.01359
1.04059
0.972383
1.20107
1.18923
0.959421
0.964934
1.28555
1.23325
0.927456
1.14159
1.02554
0.0726255
0.0212718
0.11818
0.330801
0.312777
0.578324
0.590321
0.547052
0.37322
0.800867
0.990486
1.15739
1.37792
1.24531
1.77345
2.055
1.83764
1.87246
2.11951
2.08111
2.29941
2.07432
2.16986
1.73483
1.33424
1.76488
1.49369
0.83572
1.06964
0.960362
1.49591
1.82807
1.73717
1.65646
1.69774
1.71325
1.64185
1.49384
1.65438
1.43691
1.60456
1.55474
1.80389
1.69504
1.53934
1.15985
0.882034
1.15573
1.28674
0.992291
1.00052
1.1382
1.32511
1.53277
1.98648
2.43188
2.71443
2.41237
2.19115
1.75931
2.07448
1.85337
1.29063
0.769331
1.0814
0.869786
1.1578
0.874815
0.507249
1.57762
1.10011
1.01831
1.63306
2.12364
2.27478
2.18545
2.46074
2.78932
2.68209
2.90884
2.77842
2.77371
2.88639
2.74349
2.43411
2.22084
2.34802
1.96224
1.49902
0.988545
0.817531
0.545305
0.303801
0.424651
0.246814
0.197371
0.175717
0.159925
0.147364
0.199084
0.235472
0.311201
0.738288
1.30588
1.47389
1.53144
1.84098
2.16532
2.74854
3.26922
2.59188
2.21577
1.97498
2.24328
1.85156
1.78261
1.23865
1.24035
1.18186
1.00058
1.17943
1.37754
1.06645
0.997842
1.04902
1.00939
0.991465
2.28421
2.11946
2.17377
2.66591
1.98713
2.29816
2.7877
3.02425
1.47509
1.86733
1.4528
1.27306
1.13952
1.0803
0.530417
0.045983
-0.0512401
-0.0141265
0.612324
0.618691
0.475612
0.80397
0.602889
0.561126
0.779409
0.990618
0.714755
0.804712
1.02762
1.31097
0.852152
1.0354
0.811643
0.372545
0.158584
-0.388421
0.0198209
0.172615
0.130855
0.578492
0.626892
0.620217
0.444412
0.416622
0.559675
0.421674
0.654868
0.50981
0.529659
0.549724
0.741927
1.17652
1.6807
1.88517
2.46337
1.56985
1.48969
1.64814
1.28594
1.28505
1.1644
1.16392
1.28888
0.995714
1.39705
2.88622
2.54463
2.56768
2.15029
1.59773
1.39985
1.21768
0.916928
1.81115
2.00049
1.43951
1.61309
1.84147
1.9496
1.83215
1.81753
1.35121
1.36624
1.13289
1.3849
1.13673
0.115389
0.367441
0.35048
0.385719
0.729126
0.682954
0.586002
0.422686
0.367858
0.478675
0.365455
0.236205
0.00833032
0.0505906
0.0745097
-0.0241074
0.00344288
0.235771
0.466406
0.720862
0.961024
0.834985
0.839123
0.88514
1.21363
0.84077
1.01232
0.84273
0.85559
0.937816
0.881893
1.17675
1.05464
1.02248
0.932944
1.19574
1.07743
1.1557
1.2522
1.05371
1.15142
1.09168
0.928177
1.1621
1.0422
1.28504
1.14448
0.907143
0.835004
0.324227
0.382925
0.712634
0.803485
0.756444
-0.530049
-0.501758
-0.357524
-0.500058
-0.246656
-0.349175
-0.369731
-0.295051
-0.195641
-0.387547
0.546721
0.571343
0.980682
0.992222
0.812284
0.795681
0.946748
0.608121
-0.197263
0.327116
0.531861
0.695741
1.04281
1.20817
1.49388
1.58783
1.62833
1.29492
1.00493
0.607686
0.18478
0.0889752
1.11447
2.15411
2.0592
1.77434
1.86448
1.13412
0.323758
0.213477
0.542516
0.933912
1.34674
1.03595
1.48766
1.36835
1.3879
1.41344
1.15276
1.41096
2.19397
1.62504
0.441654
0.448859
0.570162
0.539134
0.531872
0.659305
0.800889
0.884048
1.242
2.86376
2.43738
2.32095
2.67482
2.7973
3.01408
2.6064
2.3133
1.64572
2.30985
1.92815
1.96713
2.55026
2.98196
2.72928
2.56321
3.15953
2.97932
2.82415
1.91863
1.70967
1.48316
1.33116
1.21207
1.31576
1.8873
2.27288
2.58364
1.96462
1.85269
1.41542
0.388952
-0.230385
-0.333837
-0.160311
0.0497798
0.191244
0.224015
0.24487
0.593935
1.59864
1.49024
1.6357
2.05299
2.14776
2.4142
1.99823
1.955
2.04445
2.50461
2.93081
2.82488
2.55735
2.95427
3.59393
3.38756
1.78886
0.398383
-0.19717
-0.158952
-0.0791782
0.335435
0.239065
0.548111
0.681273
0.792787
0.612216
0.523813
1.30337
1.50146
1.84397
2.94817
2.90434
2.90235
2.8774
3.29999
3.2287
3.05136
2.96564
2.60108
2.03875
1.63733
1.45113
1.47779
1.01645
1.1408
0.804655
0.921859
0.713891
0.672078
1.46296
1.33945
0.744429
1.31966
1.12177
1.40216
1.71587
1.84441
1.99021
1.84322
1.69078
1.81244
2.01601
2.06159
2.34013
2.63196
1.91833
1.65596
2.22199
1.74475
2.09165
2.22659
1.45639
0.882207
0.0329367
-0.129144
0.116404
0.00624727
-0.0352
0.0705946
0.333063
0.460457
0.000962663
-0.139484
0.159923
-0.111256
-0.249058
-0.188815
0.0442456
0.0914581
0.309272
0.252094
0.164801
0.198781
-0.0230309
-0.0922366
0.0187949
0.163576
0.317844
0.44424
0.817949
0.60292
0.862374
0.803738
1.01814
0.99582
1.15233
0.863618
0.78104
0.928305
1.0744
0.872758
0.973926
0.721906
1.05656
0.967643
0.825163
1.16174
1.03691
1.05392
0.567488
0.390532
0.359508
0.291831
0.474856
0.618898
0.606086
0.399914
0.257986
0.350603
0.533041
0.805514
0.597283
0.468295
0.675304
0.218171
0.0505993
-0.055727
0.15368
0.309226
0.466493
0.464206
0.683377
0.524528
0.588225
1.00576
0.529313
1.02118
1.50128
2.37752
2.42868
2.27252
1.68858
1.7691
1.64467
1.65867
1.8881
1.98364
2.03234
1.95816
1.85146
1.76653
1.57973
1.37986
1.26838
1.71439
1.97296
1.87536
1.82289
1.99941
2.26172
2.14423
1.5373
1.38167
1.70975
1.33341
0.131279
-0.0160399
0.301664
0.414534
0.300875
0.363422
0.691615
0.759319
0.591575
0.515422
1.56597
0.84558
0.907074
0.723651
0.742826
0.904529
1.24446
1.0488
0.932646
1.0259
1.37505
1.21934
1.69655
2.40659
2.40201
2.21031
2.17795
2.62722
2.72123
2.31462
2.48107
2.48942
2.62269
2.22614
2.21083
2.53017
2.71257
2.99654
2.59242
2.91725
2.98027
2.48955
2.11639
1.71666
1.38006
1.24674
1.12528
1.12311
1.07727
1.04698
1.11533
1.18959
1.28144
1.63149
1.91698
2.55785
1.82759
1.39604
1.68453
1.01074
0.237372
0.17758
0.344788
0.470316
0.288458
0.431783
0.37921
0.490546
0.514785
0.584309
0.171818
0.275248
1.06393
1.24005
0.931194
1.019
0.862146
0.875747
0.804129
1.04938
0.958367
1.00751
1.1119
0.951592
0.802146
0.509612
1.49646
1.92798
1.74711
1.5205
2.26213
2.64891
2.0397
1.81887
1.42795
0.873683
0.952108
0.758453
0.933373
0.753387
0.681189
0.509657
0.368944
0.388799
0.371745
1.0873
1.2863
1.22483
1.0594
1.01213
1.34717
1.3049
1.19725
0.976504
0.813524
0.793755
0.670283
0.453119
0.226404
0.253926
0.198252
0.0777558
0.0737631
0.135708
0.106479
0.0397075
0.0342026
0.0451699
0.120537
0.215602
0.356024
0.556768
0.756029
0.992763
1.09538
1.37033
1.56067
2.34466
1.65473
1.62999
1.95019
2.37404
1.86987
1.51203
1.4007
0.541866
0.457326
0.710303
0.774187
0.609501
0.63767
0.494912
0.554242
0.525644
0.515823
0.346261
0.106455
0.204486
0.178312
0.259864
0.472686
0.509539
0.713707
0.652657
0.772828
0.908668
0.782078
0.835582
0.811533
0.924819
0.966363
1.22565
1.15269
0.781265
1.00004
0.975965
0.966044
1.04317
1.1136
0.758482
0.895418
1.14913
0.864834
0.83583
0.750999
0.660033
0.6888
0.597758
0.568938
0.69897
0.8413
0.924578
1.12669
1.34391
1.7294
1.96193
2.44753
3.27013
2.77326
2.97205
2.80245
2.65638
2.73644
1.71304
1.50825
1.9475
2.10898
2.44111
2.3809
2.40296
2.56913
2.30253
2.23143
2.10646
2.17878
2.57881
3.1311
2.73809
2.58295
2.25566
2.42118
2.14056
1.87279
2.07083
0.440433
0.342648
0.0143866
0.310868
0.630781
0.307755
0.384956
0.316818
1.01475
1.23298
1.52202
2.21375
2.24068
1.85617
1.95731
1.79251
1.64407
1.69929
1.7213
1.7337
2.14491
1.90576
1.58757
1.57361
1.19846
1.12622
0.744394
0.61507
1.48408
1.61842
1.68027
2.00117
1.64837
2.05387
2.39336
2.21115
1.99033
1.49452
1.52466
1.64137
0.00284277
0.0134922
-0.378436
-0.150123
-0.385933
-0.275215
0.327615
1.33405
1.62418
1.53073
1.35783
1.91493
2.46967
1.97394
2.07492
2.42845
2.59893
2.2125
1.82798
2.65252
2.41676
2.61265
2.31473
1.98854
2.02794
2.27219
2.02782
1.56478
1.39828
1.42207
1.3093
0.4008
0.67809
0.866776
0.911615
1.273
1.3947
1.55756
1.55875
1.56851
1.44062
1.10118
0.97883
1.35555
1.22691
1.16902
0.722782
0.995508
0.887969
0.7436
1.45294
2.07842
2.44283
2.19257
2.22501
2.80712
2.69248
2.6209
2.57664
2.61448
2.14658
2.00306
1.80998
1.60705
1.62045
0.720707
0.677121
0.349465
0.243669
0.425171
0.640619
0.650837
0.156343
0.157358
0.163924
0.318169
0.0550295
0.13104
0.164193
0.340484
0.485264
0.443388
0.46025
0.804435
0.937558
1.16823
1.57376
1.9421
1.69881
1.92545
2.16563
2.3932
2.17256
2.03622
1.68506
1.81487
1.31481
1.39265
1.256
1.07232
1.17043
1.22669
0.965844
1.14958
1.02903
0.937914
0.966329
1.11199
0.979729
1.03703
0.964397
1.11818
1.06092
0.920587
0.977288
0.829181
0.671494
0.786121
0.826662
1.00555
0.85245
1.21581
0.927454
0.551523
0.773028
1.80873
1.833
2.419
1.11847
1.81506
2.71228
2.31006
1.99314
2.2035
2.35066
1.94889
1.67571
0.0800647
-0.00276029
-0.182261
0.104202
0.41539
0.422658
0.469779
0.344607
0.986916
1.83361
2.08296
2.00593
2.71607
3.51639
3.59662
2.15536
1.84424
1.68551
1.74774
1.79809
1.53003
1.4747
1.10352
1.22653
1.22709
0.726502
0.755448
1.79704
1.79785
2.12739
2.38472
2.1834
2.38534
2.2938
2.98105
2.97979
2.76699
1.71224
2.34511
2.58809
2.66662
2.65493
3.85154
2.82745
2.58469
2.40231
2.2754
0.571929
-0.158959
0.0498625
7.29258e-05
0.201007
0.53545
0.610068
0.553631
0.487253
1.12306
1.72318
1.40047
1.6204
2.33698
2.32331
0.823963
0.348637
0.444222
0.081368
0.714986
1.15596
0.940647
0.663813
0.845547
1.15865
0.938924
0.796472
1.1286
1.10417
1.9867
1.75739
1.89928
1.83176
1.76979
1.5782
1.22661
1.00343
0.673347
0.63673
0.645999
0.919533
0.773541
0.688227
0.33535
0.364583
0.40812
0.0711772
1.39978
1.24975
1.33836
1.37266
1.8898
2.02967
1.93125
2.07074
1.78892
1.69142
1.57884
1.25178
1.05015
1.07162
0.947029
0.777461
1.3021
1.4739
0.919598
1.09545
2.67177
2.80285
1.7955
2.79274
2.27853
2.14158
1.75583
2.12085
2.07708
1.98006
2.3551
2.29214
2.43254
2.38094
2.78006
2.50849
2.62995
2.35347
2.20449
2.36358
2.56494
1.97576
1.21215
0.644241
0.432814
0.309318
0.17701
0.39495
0.275164
0.258317
0.328328
0.639317
0.446641
0.0431346
0.0930784
0.32293
0.354052
0.420094
0.335868
0.236396
0.577053
0.384303
0.577592
0.508474
0.331187
0.467218
0.333602
0.44661
0.182069
0.349879
0.545853
0.388206
0.461448
0.677046
0.64787
0.898155
0.825314
0.91547
0.972765
1.17584
1.45955
2.96085
3.44605
3.48597
2.84135
2.98712
2.72237
2.55755
2.19898
1.66553
1.19489
1.22265
1.08881
3.00103
1.7965
1.21464
2.49839
3.06985
3.27499
2.58396
3.44908
3.14182
2.94233
3.25601
2.89634
2.83277
2.42048
2.07446
2.14385
2.39399
2.77564
2.16695
2.3928
1.93218
1.85915
1.65982
1.52358
1.46406
1.24493
1.21112
1.20935
1.1272
0.966071
0.972899
1.0738
0.935
1.18875
1.06799
1.32816
1.53466
1.52143
1.87603
2.02954
2.31299
2.30964
2.40167
2.18847
3.38409
2.25791
2.73092
2.1995
2.51246
2.32337
2.35291
2.09561
2.01438
1.8549
1.58404
0.944003
0.996073
1.1652
2.41508
1.73735
0.214675
0.222138
-0.169427
1.02058
2.41957
2.75039
2.4487
3.0052
3.38195
3.31067
3.25844
3.10258
2.46888
2.88578
2.70304
3.33086
2.73108
3.43624
3.35996
2.64995
2.27733
2.18509
1.98281
2.11325
1.41297
1.04202
0.981463
1.12746
1.16957
0.6473
1.34636
1.42791
1.59856
2.32536
2.63231
1.34871
1.41296
1.54229
1.50921
1.11937
0.956043
1.23095
0.896685
0.998326
0.101443
0.237594
0.108051
0.0163975
-0.129403
-0.0613736
0.253306
1.79366
2.10902
2.36918
2.54141
2.1307
2.23695
2.03398
2.11474
2.29019
2.32811
1.97316
2.33436
2.01432
1.81739
1.42036
1.09453
0.725119
0.7096
0.949316
0.946885
0.887223
1.01109
1.06544
0.799838
0.834876
0.92799
1.0077
0.706477
0.76448
0.710866
0.998129
1.26462
1.04028
1.09634
1.04424
0.983902
0.818745
0.976432
0.847828
1.08174
1.03969
1.03062
0.984219
0.780567
0.919494
1.03528
0.898982
0.950533
0.833625
0.841449
1.52047
1.51802
2.68207
2.99656
2.83639
2.75977
2.13706
1.96378
1.83298
1.62075
1.63572
1.34239
1.32011
0.918968
1.0152
0.887406
0.862113
0.603866
0.301948
0.27998
0.394291
0.478186
0.627092
0.727574
0.631849
0.514423
0.428134
0.373897
0.379365
0.438724
0.577819
0.83332
1.24963
1.90797
2.39196
2.13523
2.07633
1.57448
2.42163
2.17512
2.18991
1.81595
1.99319
2.60366
2.56643
1.92507
2.81971
2.54288
2.42486
2.40604
2.09325
2.07024
1.75277
1.70347
1.69469
1.56687
1.34047
0.938006
0.525371
0.448265
-0.48183
-0.270377
-0.0527923
0.428528
0.563948
0.540115
0.705299
0.467885
0.58423
0.803672
1.508
2.3923
2.28634
2.66602
2.60708
2.28354
2.41908
2.42035
2.1797
1.64003
0.93697
0.911053
0.823878
0.72755
0.742482
2.68393
1.40081
1.4215
1.4457
1.60331
1.30229
-0.00760258
-0.212501
-0.0717678
0.0399803
0.334652
0.48042
0.812481
0.95465
1.19739
2.08947
3.1567
2.6042
2.89033
2.24835
2.03206
1.37238
1.16904
0.96881
0.738204
1.13832
1.08799
0.901061
1.45283
1.39973
1.22482
1.39816
2.03533
1.68442
2.1604
2.72401
2.94491
2.48797
2.68259
2.72288
2.54585
2.46051
2.303
1.19843
0.459039
-0.207966
-0.0476644
-0.207432
0.129083
0.118453
0.501453
0.522984
0.631677
0.405701
2.10543
2.50497
2.89975
2.76704
2.63281
2.43976
2.34447
2.21694
2.49534
1.17223
0.284557
0.00633705
0.395321
0.549043
0.570297
1.13522
1.05878
1.08358
1.34467
0.952368
1.19556
0.898836
1.19992
1.33924
1.11836
1.17655
0.962748
1.20946
1.71977
2.56395
2.37619
2.86527
3.03971
2.91835
2.41229
2.27426
2.21851
2.1267
2.36791
2.58784
2.36985
2.1841
2.55932
2.02811
2.01595
2.02439
1.72151
1.71964
1.65758
1.68587
1.45896
1.77153
1.4893
1.52669
1.28383
1.4546
1.34238
0.951786
0.860141
1.15031
1.13772
1.24104
1.85976
2.54323
2.26066
2.40937
2.35128
1.75764
2.21808
2.24229
2.01031
0.922826
1.46406
2.2242
2.58239
2.67416
2.87238
2.12151
1.41891
2.52806
2.89774
2.05494
1.42941
1.36447
1.05254
0.825244
0.655502
0.901349
0.854027
0.574827
0.422102
1.13454
1.55517
1.42501
1.32972
1.35323
1.38957
-0.458269
-0.421556
-0.182218
-0.0848781
0.0711713
-0.113813
0.756459
1.08868
1.39959
1.3204
1.22259
1.07861
1.14248
0.99372
1.07201
1.45687
2.18677
2.12263
2.16361
2.28772
2.61933
2.00621
2.00517
3.22655
3.52914
2.30451
1.65613
1.32325
1.42675
0.985823
0.95885
0.888215
1.03177
1.00923
1.34118
1.88668
1.54508
2.08004
1.90856
0.93304
0.976075
1.37486
0.836372
0.825711
0.848878
0.797308
0.717777
1.13669
2.41346
2.75858
2.19566
2.59423
2.30949
2.49459
2.61276
2.83691
2.53173
2.0602
2.28066
1.81914
1.49329
0.409858
0.508264
0.477553
0.338659
0.54331
0.409891
0.390062
1.12861
1.35052
1.37047
1.39552
2.15986
2.43606
2.90625
2.4901
2.19567
2.37214
2.02979
1.88817
1.47841
1.31983
0.929632
0.539164
0.264109
0.350677
2.62666
2.65045
2.29746
2.27727
2.05869
1.29593
1.09938
1.11889
0.921354
0.67013
0.906047
1.47595
1.88375
1.76629
1.79252
2.28741
2.85611
2.99568
1.62523
2.32042
2.93756
3.08314
2.82779
2.59345
2.41863
2.21297
2.15889
1.88044
1.93228
2.31234
2.48567
2.21573
1.99619
2.25089
2.37509
3.05832
2.90414
2.45978
2.73542
2.38839
2.033
0.750852
0.297678
-0.082185
-0.194129
-0.251161
-0.170986
-0.0255128
0.279606
0.793021
1.16012
1.70961
1.98386
2.00394
2.38458
2.92921
2.42356
2.35108
1.28002
2.22915
1.70079
1.52148
1.37144
1.49167
1.35078
1.41335
1.39965
1.61041
1.93336
2.01529
2.33775
2.49613
2.14829
2.34711
2.12727
2.08085
2.20771
1.78458
0.544867
-0.120398
-0.103216
0.0409235
0.240591
0.449732
0.638975
0.809474
1.06097
1.45897
1.65969
1.06086
0.358394
0.035772
0.257034
0.209232
0.278496
0.594977
0.569588
0.561777
0.551795
0.624568
0.692577
0.823365
1.29916
1.68893
1.51208
0.826644
0.897531
1.15419
1.6226
1.39219
1.38448
1.0563
1.2257
1.14677
0.745623
0.643983
0.689595
0.666898
0.884572
1.32633
1.37137
1.55658
1.47051
1.06715
1.11397
1.08304
1.00756
0.759795
0.978859
0.630662
0.905299
0.817085
0.573776
0.614639
0.362269
0.601424
0.149764
0.592403
0.566898
0.809113
1.36959
0.714359
1.17607
0.884208
0.794265
0.948341
1.4816
1.39132
0.871602
1.23693
1.96871
2.07478
2.05097
2.17103
1.74257
2.20177
1.8207
1.98908
1.51549
1.5694
1.23202
1.17243
1.25546
1.27996
0.771166
0.923227
1.08951
1.07968
0.861418
