-0.712688	-0.0765336
-0.775621	-0.390429
-0.719399	-0.412038
-0.780659	-0.410335
-0.832307	-0.122006
-0.535881	-0.244471
-0.727796	-0.440646
-0.531124	-0.114313
-0.636096	-0.171967
-0.815523	-0.279028
-0.899647	-0.263781
-0.810015	-0.176897
-0.876833	-0.139351
-0.811959	-0.251951
-0.611493	-0.0531159
-0.0603423	0.475287
-0.110258	0.726539
0.239807	0.502723
-0.173027	0.676646
-0.0556115	0.639828
-0.0645809	0.660886
-0.145171	0.744351
-0.121828	0.757867
-0.421414	0.791239
-0.370963	0.637762
-0.283098	0.597261
-0.460105	0.680013
-0.531785	0.736697
-0.623069	0.769769
-0.675839	0.665801
-0.746251	0.609878
-0.769679	0.667195
-0.775678	0.627853
-0.733126	0.622408
-0.777199	0.601386
-0.766621	0.648922
-0.571922	0.0718434
-0.637555	-0.135518
-0.767938	-0.0255556
-0.825513	0.144784
-0.815322	0.208112
-0.924099	0.295048
-0.983166	0.473876
-0.76093	0.416562
-0.727485	0.43382
-0.552449	0.336595
-0.421954	0.313327
-0.228611	0.25591
-0.556152	0.62614
-0.734068	0.84661
-0.584186	0.835101
-0.321956	0.821127
-0.256584	0.831599
-0.238235	0.873933
-0.267579	0.881537
-0.275509	0.884003
-0.380864	0.947199
-0.612259	0.891892
-0.345518	0.651965
0.00792989	0.619317
-0.133577	0.660531
-0.293567	0.764893
-0.325589	0.880315
-0.383212	0.982809
-0.479474	0.939836
-0.617141	0.899889
-0.626157	0.878814
-0.557042	0.452707
-0.48422	0.0188144
-0.50051	-0.0528569
-0.426907	-0.129175
-0.399962	-0.0951535
-0.428403	-0.0660857
-0.373598	0.00221965
-0.349143	0.202275
-0.0170566	0.300178
0.189837	0.470067
0.480717	0.458591
0.478031	0.684555
0.194069	0.634468
0.0458371	0.737806
0.104704	0.578455
0.106537	0.506371
0.0869887	0.372964
0.115575	0.274957
-0.071218	0.308879
-0.32658	0.357571
-0.478767	0.449365
-0.441134	0.435947
-0.264998	0.466963
-0.0389108	0.705538
0.0667953	0.575495
0.0442091	0.59113
0.309205	0.553866
0.389545	0.487744
0.245589	0.388632
0.0323375	0.255659
-0.225144	0.329022
-0.185778	-0.0381276
0.0105261	-0.176001
-0.0541859	0.132429
-0.42648	0.350078
-0.48163	0.0449973
-0.562806	0.00749296
-0.396381	0.209593
-0.412787	0.451724
-0.384548	0.336224
-0.357644	0.34979
-0.328737	0.587072
-0.393934	0.387054
-0.410036	0.11535
-0.537343	0.289732
-0.315413	0.399648
-0.113952	0.397272
0.0250924	0.385315
-0.00573681	0.568382
-0.228665	0.425267
-0.33761	-0.0262811
-0.295648	-0.135859
-0.123205	-0.159868
0.0488039	-0.253377
0.101998	-0.216888
-0.258907	-0.121728
0.0836	-0.0807143
-0.363849	0.123044
-0.578537	0.328793
-0.672987	0.401412
-0.625267	0.257432
-0.602682	0.384368
-0.691611	0.01472
-0.772992	-0.0927913
-0.81234	-0.186185
-0.833498	-0.274666
-0.648114	-0.152192
-0.602906	-0.0968122
-0.495297	-0.0292309
-0.214621	0.149605
-0.370154	0.0233914
-0.656505	0.46254
-0.77302	0.494289
-0.462321	0.596061
-0.0737608	0.251865
-0.446997	0.223613
-0.36088	0.127846
-0.529732	0.11269
-0.432055	0.107429
-0.542507	0.158718
-0.58233	0.163293
-0.660791	0.139044
-0.63822	0.161807
-0.396416	0.0898339
-0.321544	-0.0112399
-0.305348	-0.203531
-0.2502	-0.420827
-0.369709	-0.461718
-0.221351	-0.441144
-0.0530764	-0.601442
-0.141786	-0.474663
-0.0187727	-0.469236
0.137736	-0.464796
0.222336	0.000504457
0.0171162	0.0812999
0.0168901	0.0783551
0.0240479	0.19137
-0.162026	0.0514099
-0.358384	0.0493936
-0.103496	0.0378777
-0.34522	0.0788777
-0.550981	0.204441
-0.430041	0.214789
-0.441875	0.284147
-0.621473	0.427721
-0.522972	0.410323
-0.60143	0.561568
-0.0509066	0.66641
0.0764756	0.606205
-0.0245483	0.349895
-0.225804	0.137507
-0.0821132	-0.157689
-0.189177	-0.195535
-0.0389152	-0.119206
-0.572046	-0.639858
-0.487675	-0.61256
-0.47019	-0.299873
-0.370474	-0.0977788
-0.142708	-0.158487
-0.167354	-0.283661
-0.0500637	-0.390476
-0.322743	-0.157245
-0.241689	-0.223813
-0.331185	-0.147323
-0.256689	-0.131868
-0.375549	-0.0996322
-0.554935	-0.00241564
-0.639824	-0.27425
-0.822604	-0.311148
-0.832824	-0.25424
-0.845738	-0.370612
-0.932645	-0.425855
-0.724094	-0.246934
-0.969086	-0.0301334
-0.780402	-0.317844
-0.780898	-0.285323
-0.787273	-0.29881
-0.885853	-0.430814
-0.394175	-0.0375558
-0.557013	-0.0531441
-0.766593	-0.107138
-0.80959	-0.408397
-1.02417	-0.312655
-0.810936	-0.135104
-0.555829	-0.239756
-0.629502	0.0153461
-0.791257	-0.0562784
-0.937903	-0.165779
-0.8219	-0.219488
-0.724295	-0.205307
-0.935193	0.204524
-0.51091	0.553314
-0.512175	0.0459621
-0.331795	-0.0765046
-0.00397624	-0.138257
0.122046	-0.283237
-0.0147743	-0.47492
-0.199582	-0.432259
-0.348135	-0.178663
-0.391477	-0.179502
-0.487431	-0.0840634
-0.589907	-0.0678955
-0.526502	-0.038534
-0.556435	0.0582873
-0.577623	0.195267
-0.598754	0.388976
-0.498058	0.511486
-0.432004	0.652863
-0.563782	0.83562
-0.643654	0.959517
-0.663793	1.1031
-0.630451	1.07148
-0.54171	1.03096
-0.380083	0.951648
-0.430917	0.888381
-0.481265	0.794799
-0.608908	0.678656
-0.703798	0.436646
-0.642898	0.146648
-0.453515	-0.0103199
-0.191314	-0.003171
0.0444097	0.102721
0.10531	0.215345
0.103157	0.406147
-0.132229	0.430667
-0.45782	0.255471
-0.329648	-0.159547
-0.140648	-0.150126
-0.685992	0.0538311
-0.435296	-0.0882105
-0.523285	-0.216164
-0.365819	-0.158732
-0.514103	-0.318576
-0.77292	-0.184758
-0.819171	-0.145768
-0.779759	-0.135505
-0.767912	-0.124736
-0.787771	-0.0877551
-0.831642	-0.0663272
-0.733209	-0.177424
-0.708335	-0.225874
-0.710422	-0.278558
-0.712847	-0.337801
-0.678359	-0.398123
-0.737525	-0.373527
-0.80066	-0.241518
-0.594504	-0.216238
-0.521581	-0.0353295
-0.570191	0.108249
-0.624263	0.260477
-0.897731	0.38599
-0.88755	0.544184
-0.782491	0.501043
-0.820859	0.494704
-0.885935	0.528998
-0.836606	0.393163
-0.913087	0.472497
-0.605074	-0.0436188
-0.515788	-0.263443
-0.580533	-0.166963
-0.686586	-0.0181116
-0.841641	0.133345
-0.810112	0.405712
-0.780816	0.644846
-0.682629	0.584601
-0.642158	0.645631
-0.240709	0.592281
-0.143714	0.596604
-0.353019	0.394019
-0.360986	0.339137
-0.114079	0.383133
-0.422685	0.226423
-0.483026	-0.0166778
-0.578061	0.0238348
-0.899416	-0.0344697
-0.99287	-0.135823
-0.521884	0.149236
-0.888364	-0.151725
-0.794263	-0.262595
-0.570996	-0.339349
-0.960766	-0.21154
-0.133845	-0.0282487
-0.0730326	0.0477205
-0.121079	0.0305544
-0.0868168	0.142164
-0.383733	0.213912
-0.89451	-0.0784291
-0.386364	0.0403157
-0.19531	-0.118572
-0.0731073	-0.17971
-0.111247	-0.131092
-0.0526423	-0.120617
-0.0199999	-0.0870983
-0.0157171	-0.0535645
0.00733617	-0.0181694
-0.00865313	0.0859597
-0.063755	0.335864
-0.141515	0.124854
-0.759323	-0.172966
-0.804219	-0.0818323
-0.505866	-0.192598
-0.48734	0.0154562
-0.362833	-0.138881
-0.0465515	-0.283812
-0.450552	-0.018084
0.167407	0.121806
0.101279	0.415899
0.471932	0.253883
0.285026	0.143899
0.038242	0.114678
-0.148573	-0.0118156
-0.29473	-0.0206806
-0.164796	0.0570605
-0.338168	0.0840473
-0.518038	0.13628
-0.479723	0.217669
-0.250457	0.372906
-0.157021	0.424759
-0.0571314	0.706506
-0.508102	0.559618
-0.178954	0.190649
-0.320671	0.36473
0.206431	0.459853
0.482459	0.243595
0.43097	-0.0504349
-0.0562895	-0.309443
-0.36017	-0.218358
-0.521321	-0.165391
-0.709746	-0.24302
-0.526754	-0.213687
-0.430969	-0.0965649
-0.465335	-0.0174725
-0.506536	0.164508
-0.685236	0.146708
-0.54965	0.239656
-0.372853	-0.137688
-0.514825	-0.357326
-0.580191	-0.214022
-0.823622	0.186557
-0.811911	0.462821
-0.693381	0.53501
-0.55465	0.440708
-0.306222	0.30689
-0.0531428	0.622403
0.212766	0.86647
0.226454	0.999692
-0.025121	1.00754
-0.327467	0.68527
-0.27874	0.615506
-0.438347	0.729903
-0.315906	0.640209
-0.244979	0.68569
-0.227506	0.605803
-0.0679975	0.516169
0.106462	0.400256
-0.152433	0.363856
-0.116713	0.143435
-0.280023	0.159798
-0.766347	-0.311135
-0.851691	-0.218567
-0.921782	-0.489452
-0.436259	-0.282601
-0.0412657	0.45183
-0.363334	0.672435
-0.275572	0.317338
-0.36013	-0.0628474
-0.33407	-0.180969
-0.203359	-0.169227
-0.189099	0.324691
-0.0603902	0.233591
0.32261	-0.121292
0.250295	0.10197
-0.187687	-0.00274889
-0.540652	0.0729204
-0.739892	-0.0146791
-0.599272	-0.104339
-0.621101	-0.209088
-0.766766	-0.119936
-0.250297	-0.127636
-0.504602	-0.259491
-0.550079	-0.34337
-0.746189	-0.298051
-0.731809	-0.294784
-0.825514	-0.255333
-0.733518	-0.298981
-0.73628	-0.319084
-0.736917	-0.266586
-0.73885	-0.123056
-0.654627	-0.0306609
-0.654893	0.507005
-0.682148	0.642963
-0.412307	0.468623
-0.268101	0.355588
0.00314008	0.196992
-0.061789	0.209802
0.0522623	0.0331669
-0.0501544	0.23466
0.0957401	0.562418
-0.050287	0.230732
-0.319983	0.151639
-0.281441	-0.0112083
-0.19298	0.256373
-0.228826	0.140532
-0.743734	-0.0915853
-0.897811	-0.319
-0.898752	-0.259977
-0.780725	-0.244284
-0.80285	-0.332781
-0.788344	-0.346507
-0.777132	-0.276862
-0.769875	-0.338451
-0.566721	-0.221458
-0.678417	-0.185987
-0.657998	-0.20702
-0.26855	0.102083
-0.314955	-0.0897857
-0.477496	0.350539
-0.295746	0.476825
-0.197297	0.440948
0.0378342	0.47415
0.21505	0.346383
0.178452	0.00495492
0.0490295	-0.0399637
-0.171555	-0.138085
-0.242443	-0.500603
-0.399115	-0.371113
-0.73157	-0.000320728
-0.556823	0.0364205
-0.504444	0.125024
-0.640999	0.172378
-0.401079	0.0298203
-0.74376	-0.195873
-0.712629	-0.153899
-0.648104	-0.241043
-0.144084	0.04046
-0.238996	-0.0614249
-0.285716	-0.177709
-0.315353	-0.272414
-0.217677	-0.234245
-0.0164281	-0.0979317
0.107354	0.0330879
0.272989	0.204372
0.294525	-0.201419
-0.168466	-0.266407
-0.289719	-0.286993
0.00666857	-0.309769
-0.315476	-0.336404
-0.194794	-0.0373933
0.207094	0.449068
-0.150019	0.257044
-0.470749	0.292403
-0.339138	0.174317
-0.462746	0.180349
-0.794287	0.320433
-0.768607	0.267898
-0.66818	0.175665
-0.530026	0.183531
-0.281712	0.209336
-0.180527	0.0297918
-0.203887	0.0643746
-0.472171	-0.130007
-0.520071	-0.320451
-0.435733	-0.453803
-0.257992	-0.416426
-0.186285	-0.331146
0.0311667	-0.242973
0.244919	-0.127327
0.123213	-0.0983054
-0.117122	0.0558067
0.0419078	-0.0777754
-0.251928	-0.193585
0.165411	-0.220003
0.0523179	0.0657208
-0.0933289	0.572495
-0.112708	0.427051
-0.0918821	0.487601
0.0364345	0.389202
0.104521	0.36241
0.184671	0.430562
0.130569	0.382065
0.271895	0.421074
0.0486059	0.262679
-0.397282	0.248547
-0.743064	-0.12624
-1.00275	-0.143095
-1.06666	-0.104487
-1.07672	0.0657147
-1.15949	-0.0789911
-1.08685	-0.0270427
-0.858773	0.208578
-1.00995	0.0424717
-0.737624	0.784517
-0.466645	0.823199
-0.509828	0.721525
-0.527964	0.569687
-0.509937	0.547417
-0.445799	0.39735
-0.330904	0.222786
-0.129629	0.164204
0.211908	0.0874955
0.190753	0.202213
0.201938	0.357035
0.331636	0.401095
0.225467	0.551287
0.341823	0.51405
0.184773	0.348016
-0.0789479	0.484827
-0.43857	0.547164
-0.604318	0.443089
-0.167669	-0.0462394
-0.367902	0.450988
-0.63122	0.668374
-0.490118	0.649203
-0.513524	-0.0203748
-0.597093	-0.0374004
-0.629978	-0.128774
-0.831304	-0.0391094
-0.96252	-0.0863997
-1.02102	0.014919
-0.978483	0.059186
-0.91812	0.164995
-0.835912	0.362831
-0.643368	0.536534
-0.368383	0.727261
-0.217692	0.860209
-0.142574	0.999486
-0.274914	1.17394
-0.403396	1.17967
-0.430385	1.07997
-0.451848	0.872936
-0.269505	0.833776
-0.248774	0.787002
-0.267738	0.834556
-0.201665	0.603659
-0.0958568	0.499929
-0.233295	0.582026
-0.172063	0.480752
0.113024	0.350651
-0.21999	0.127992
-0.316531	-0.237427
-0.319827	-0.172159
-0.294557	-0.130483
-0.177172	-0.465719
-0.348684	-0.319644
-0.19629	-0.358505
-0.239508	-0.343926
-0.152674	-0.0462506
-0.23648	-0.222638
-0.285718	-0.09557
-0.397846	-0.0842783
-0.449811	0.026021
-0.451382	-0.234181
-0.530555	-0.226603
-0.676595	-0.222417
-0.600713	-0.220036
-0.744187	-0.273724
-0.529962	-0.237555
-0.878614	-0.226637
-0.671918	-0.0897508
-0.681116	-0.264666
-0.512773	-0.399175
-0.290548	-0.185306
-0.144445	-0.0765218
-0.0457415	0.0217725
0.0227896	0.0349155
0.0400715	0.147968
0.0213271	0.0487251
-0.186887	0.0114178
-0.269304	0.142581
-0.645706	0.00274167
-0.618142	-0.0419388
-0.78109	0.0429582
-0.745781	-0.0821054
-0.643957	-0.289728
-0.840147	-0.135637
-0.956354	-0.245447
-0.783388	-0.344277
-0.942264	-0.481942
-0.469898	-0.109236
-0.799003	-0.25913
-0.805881	-0.135312
-0.919144	-0.497196
-0.884868	-0.371208
-0.81147	-0.352342
-0.689706	-0.291315
-0.698506	-0.238968
-0.750068	-0.146624
-0.36822	0.0199934
0.0872393	0.328542
0.0927429	0.552493
0.0590352	0.521073
-0.132576	0.430128
0.0351718	0.339904
0.0738577	0.477056
-0.346243	0.481304
-0.476066	0.646044
-0.325354	0.872719
-0.344149	0.603344
-0.313536	0.574865
-0.0825649	0.684205
0.236381	0.625293
0.0553921	0.538804
-0.0910204	0.285337
-0.266609	0.249489
-0.40748	0.0674476
-0.460629	-0.189682
-0.470019	-0.123799
-0.33157	-0.245884
-0.405162	-0.111503
-0.353028	-0.195048
-0.59828	-0.236919
-0.444474	-0.128392
-0.291336	0.198467
-0.575017	0.452919
-0.662103	0.311444
-0.678306	0.275487
-0.937555	0.42209
-0.964867	0.444309
-0.888227	0.401098
-0.904723	0.482737
-0.782052	0.48366
-0.673093	0.569751
-0.544787	0.588639
-0.58073	0.505951
-0.48274	0.380785
-0.552982	0.423065
-0.475422	0.50381
-0.358423	0.475926
-0.437128	0.519974
-0.427731	0.605701
-0.319313	0.764809
-0.345472	0.740801
0.100949	0.581817
0.212222	0.67667
0.190803	0.692704
-0.363513	0.416622
-0.186658	0.587439
-0.188434	0.802705
-0.245177	0.311304
-0.135354	0.235257
-0.0543084	0.561696
0.123764	0.288061
0.110253	0.000364607
-0.404092	0.176194
-0.91291	0.14067
-0.928572	-0.011828
-0.970823	-0.0989881
-0.940702	-0.223551
-0.887081	-0.367985
-0.664734	-0.506455
-0.427969	-0.476455
-0.0692053	-0.173461
-0.0771656	0.257949
-0.580357	-0.155961
-0.893214	-0.018345
-1.10239	-0.0972528
-1.10465	-0.0166358
-0.845923	0.176493
-0.836908	-0.0220355
-0.839877	0.0929382
-0.399356	0.394604
-0.524481	0.550238
-0.396876	0.638753
-0.35724	0.671471
-0.419405	0.675723
-0.319636	0.829108
0.00884074	0.365315
-0.192569	0.213446
-0.412133	0.149489
-0.646534	0.11137
-0.756157	-0.0308536
-0.730823	-0.17783
-0.637161	-0.0168899
-0.637916	-0.22495
-0.516859	-0.441734
-0.545836	-0.426365
-0.527346	-0.413594
-0.335511	-0.250467
-0.708372	0.411242
-0.868613	0.514725
-0.758153	0.514744
-0.7562	0.476495
-0.713795	0.581804
-0.704987	0.593782
-0.640401	0.607465
-0.63432	0.592708
-0.32759	0.480007
-0.25106	0.535992
-0.112513	0.550556
0.00882318	0.444992
-0.0807219	0.487845
0.0373657	0.366316
-0.181348	0.430967
-0.327715	0.390178
-0.357696	0.549319
-0.361369	0.654189
-0.230701	0.759006
0.0888013	0.584618
0.00550463	0.486674
-0.0354615	0.353887
-0.0461288	0.421656
0.0101494	0.25849
-0.238265	0.247312
-0.276317	0.123764
-0.431072	0.0868549
-1.41738	-0.162904
-1.33926	0.199006
-0.445606	-0.195095
-0.0614413	-0.0393214
-0.139375	0.322697
0.0776136	0.683789
-0.440276	0.635171
-0.554084	0.516241
-0.812515	0.413711
-0.780945	0.434048
-0.810016	0.426108
-0.579213	0.312099
-0.282531	0.445491
-0.298421	0.352866
-0.448192	0.163229
-0.515506	0.00207555
-0.681977	0.0434759
-0.584742	0.0782536
-0.755945	-0.241646
-0.548312	-0.0213737
-0.53627	-0.115004
-0.898514	-0.0645628
-0.721096	0.0254625
-0.497842	-0.0931477
-0.46573	-0.0605454
-0.328898	-0.298706
-0.62004	-0.228
-0.774783	-0.142955
-0.706813	-0.153151
-0.239435	-0.162886
0.0868986	0.202226
0.158641	0.0300456
-0.115428	0.0792493
-0.396564	-0.201275
-0.464331	-0.389131
-0.426852	-0.286634
-0.423354	-0.119594
-0.63794	-0.0231509
-0.584493	-0.143526
-0.5894	-0.0807084
-0.353516	-0.247061
-0.368453	-0.430739
-0.114193	-0.0371672
-0.238032	0.0336146
-0.249283	0.0382453
-0.181015	0.171131
-0.621384	0.473182
-0.679479	0.285084
-0.75516	-0.0460761
-0.558958	0.274216
-0.262185	0.233466
-0.419626	0.454458
-0.0509417	0.330923
0.148274	0.422388
0.32738	0.347873
0.494843	0.315754
0.597124	0.267371
0.271673	0.375283
0.161501	0.441893
0.0769619	0.373201
0.028398	0.206993
-0.152551	0.117867
-0.247874	-0.00308358
-0.328208	-0.132085
-0.453782	-0.246078
-0.56411	-0.324204
-0.35785	-0.0337983
-0.426565	-0.337375
-0.438539	-0.0758546
-0.485586	-0.191973
-0.403731	-0.36516
-0.423251	-0.330716
-0.480371	-0.220224
-0.520028	-0.031367
-0.478686	0.0869215
-0.323701	0.0776663
-0.385063	0.0144156
-0.480102	-0.288566
-0.430547	-0.256401
-0.236897	-0.194767
-0.341306	-0.178997
-0.676991	-0.0294408
-0.644097	-0.283111
-0.563731	-0.217133
-0.629528	-0.184946
-0.734647	-0.230101
-0.668017	-0.358972
-0.391632	-0.270334
-0.31165	-0.331418
-0.443019	-0.281245
-0.42101	-0.584614
-0.185645	-0.580582
-0.356901	-0.456877
-0.264029	-0.546907
-0.221602	-0.600998
-0.204452	-0.490693
-0.132664	-0.170222
0.0325801	-0.302319
-0.144	-0.619168
-0.271612	-0.543497
-0.237661	-0.418375
-0.445475	-0.428364
-0.697847	-0.45011
-0.742158	-0.498272
-0.734203	-0.288528
-0.811796	-0.214153
-0.557315	-0.224268
-0.598869	-0.196763
-0.74343	-0.257844
-0.80794	-0.302122
-0.700718	-0.338075
-0.712178	-0.28517
-0.77726	-0.334609
-0.338267	0.0282208
-0.735612	-0.257065
-0.677157	-0.33306
-0.827367	-0.0648989
-0.838882	-0.251339
-0.803254	-0.404016
-0.661488	-0.212752
-0.659276	-0.27527
-0.834208	-0.239419
-1.0246	-0.122891
-0.74378	-0.25269
-0.393616	0.238236
0.134603	0.288024
0.100892	0.611932
-0.00595145	0.471779
0.112593	0.205864
-0.0566778	0.0451189
-0.182417	0.0346779
-0.100071	0.0209742
0.0278599	-0.0475845
0.237928	-0.0964806
0.245452	-0.0795173
0.439411	0.0457079
0.402223	0.234537
0.198569	0.365416
0.191448	0.126881
-0.0405295	0.0508855
-0.135948	0.0170164
-0.246571	0.0163722
-0.159293	-0.231612
-0.145632	-0.155987
-0.139501	-0.148164
-0.236492	-0.301047
-0.162117	-0.138754
0.0704603	-0.0277166
0.127788	0.0488509
0.0700664	0.0263277
0.0830211	-0.211208
-0.076738	-0.36193
-0.265784	-0.443177
-0.522022	-0.398957
-0.609149	-0.38125
-0.429231	-0.400534
-0.497821	-0.307628
-0.271564	-0.200114
-0.27011	0.229374
-0.159069	0.583744
-0.257733	0.356166
-0.00232814	0.616292
0.042762	0.692851
0.190001	0.566717
0.516686	0.363351
0.612448	0.326136
0.473507	0.405826
0.261891	0.387719
0.431593	0.145785
0.544634	-0.0993538
0.417688	0.108838
0.216139	0.0408579
0.389723	-0.0420499
0.224761	0.1497
0.271553	0.112954
0.175273	0.254575
0.0381922	0.282834
0.143839	0.362894
0.218455	0.341502
0.116635	0.144568
0.00655121	-0.0659838
-0.196242	-0.432044
-0.00672529	-0.498229
-0.0578421	-0.409954
-0.421589	-0.474186
-0.155471	-0.323016
-0.320911	0.209855
-0.254631	0.420864
-0.380284	0.240191
-0.638178	-0.00352311
-0.580051	0.0382979
-0.530068	-0.226545
-0.408105	-0.235406
-0.289348	0.339576
-0.51916	0.313805
-0.821197	0.383045
-0.76654	0.545012
-0.742346	0.588322
-0.78171	0.553524
-0.872696	0.393497
-0.594163	0.180986
-0.366582	0.132168
-0.202606	0.12314
-0.108393	0.27977
0.0710193	0.284371
0.11577	0.379144
0.00831455	0.522522
0.106052	0.419828
0.173645	0.260463
0.258422	0.192482
0.264452	0.204985
0.326489	0.377429
0.045563	0.534573
-0.268146	0.69874
-0.253744	0.620908
-0.234235	0.428521
-0.104919	0.334246
-0.117854	0.0999099
-0.049299	0.0595254
-0.112213	-0.00341831
-0.0553307	-0.129296
-0.0222016	-0.322361
-0.228624	-0.322137
-0.296075	-0.396009
-0.143648	-0.230015
-0.0450697	-0.187156
0.322553	-0.0451072
0.467564	0.249782
0.330279	0.339068
0.405104	0.228956
0.380746	0.124684
0.359353	0.342742
0.269077	0.321437
0.260336	0.548829
0.190395	0.241009
-0.0665333	0.00651212
-0.313906	-0.128182
-0.462035	-0.341662
-0.740595	-0.334032
-0.770483	-0.282632
-0.783181	-0.0115921
-0.917455	0.23766
-0.381632	0.364181
-0.146973	0.356852
0.0229275	0.182563
0.00282078	0.275592
0.115232	0.193757
-0.107961	0.290471
-0.416718	0.354453
-0.677245	0.434245
-0.754874	0.250383
-0.901082	0.126075
-0.922928	-0.0221823
-0.528694	0.0129527
-0.517078	0.0486114
-0.44251	-0.0263884
-0.30642	-0.327415
-0.508272	-0.43621
-0.698153	-0.117948
-0.501701	-0.16476
-0.459592	-0.260199
-0.426637	-0.352014
-0.660383	-0.350352
-0.414294	-0.276807
-0.587456	0.0932853
-0.632127	-0.160698
-0.725171	-0.0845871
-0.797112	-0.293123
-0.974437	-0.179354
-0.776821	-0.211867
-0.949296	-0.289407
-0.807085	-0.246407
-0.891835	-0.0919496
-1.07632	-0.34131
-0.731834	-0.198457
-0.897727	-0.30696
-1.03513	-0.268312
-1.01372	-0.458857
-0.731251	-0.26584
-0.98911	-0.228193
-0.722164	-0.260192
-0.92539	-0.142462
-0.926616	-0.234678
-0.743393	-0.398446
-1.01579	-0.464748
-1.0104	-0.185377
-0.964215	-0.264698
-0.931868	-0.377694
-0.80578	-0.275805
-0.938933	-0.330202
-0.613725	-0.0932294
-1.12757	0.236096
-0.895994	0.180815
-0.418404	-0.23126
-0.446534	-0.19488
0.0403719	0.178666
0.199116	0.22238
0.234269	0.2696
0.199094	0.205641
0.175337	0.220006
0.0287612	0.189342
0.0729796	0.231605
-0.00426002	0.235683
0.0207794	0.182246
-0.028404	0.266551
-0.570649	0.750208
-0.603269	0.688324
-0.671415	0.809102
-0.681584	0.885007
-0.562517	0.812865
-0.548096	0.883005
-0.475175	0.744016
-0.408373	0.706387
-0.296019	0.379849
-0.387935	0.0577012
-0.448851	-0.0151806
-0.457849	0.197669
-0.432451	0.398167
-0.727676	0.427921
-0.895832	0.363892
-0.886283	0.243363
-0.809075	0.0428924
-0.801654	-0.145488
-0.777231	-0.285326
-0.795333	-0.32916
-0.68413	-0.350024
-0.623528	-0.345976
-0.459731	-0.317669
-0.317289	-0.206552
-0.189043	-0.0428631
-0.22521	0.0982617
-0.0170851	0.130339
-0.148176	-0.046732
-0.474968	0.0605812
-0.562787	-0.0150892
-0.491395	-0.190916
-0.742224	-0.448784
-0.766238	-0.256641
-0.764831	-0.152955
-0.826884	-0.257619
-0.293327	-0.206251
-0.431265	0.340056
-0.573022	0.19425
-0.988783	0.543352
-0.355692	0.396778
-0.695064	0.422582
-0.646418	0.278736
-0.538913	-0.106499
-0.665429	-0.16275
-0.603032	-0.407866
-0.849809	-0.189836
-0.841117	-0.175461
-0.868858	-0.428018
-0.483191	-0.347574
-0.406331	-0.542111
-0.224338	-0.27338
-0.291182	-0.0719657
-0.111227	0.0268992
-0.214092	0.0439303
-0.279906	0.0461603
-0.401339	-0.147687
-0.467051	-0.34144
-0.43704	-0.22297
-0.495552	-0.170199
-0.628274	-0.118477
-0.817915	0.0903858
-0.562122	0.0810542
-0.371637	0.0980258
-0.579653	0.137534
-0.628908	0.318044
-0.397455	0.576031
-0.185477	0.86699
-0.153077	0.769531
-0.00566454	0.41137
-0.187757	0.437933
-0.38786	0.397472
-0.613185	0.442978
-0.518434	0.314015
-0.449462	0.183089
-0.407241	0.123435
-0.35962	0.0568215
-0.353579	0.0374058
-0.522451	0.0302777
-0.552046	-0.0800276
-0.352082	-0.242555
-0.289934	-0.145726
-0.256523	0.014334
-0.27513	0.222182
-0.0641396	0.411521
-0.150701	0.308815
-0.14105	0.290074
-0.257934	0.120817
-0.531078	-0.0330762
-0.525668	-0.308005
-0.580953	-0.301029
-0.306542	-0.457739
-0.440513	-0.248412
-0.488807	-0.355122
-0.372556	-0.348555
-0.53964	-0.203356
-0.700077	-0.252373
-0.50146	0.0119867
-0.482356	0.0906582
-0.401927	-0.0703266
-0.389267	-0.0919969
-0.377962	-0.171412
-0.510564	-0.0442381
-0.377647	0.00893748
-0.430283	0.178078
-0.0439549	0.490683
0.366209	0.139328
0.295162	0.0607346
0.34935	-0.00895526
0.197107	0.151003
-0.269008	0.142612
-0.455164	-0.0504046
-0.543484	-0.021886
-0.511524	-0.306163
-0.693971	-0.0725792
-0.763952	-0.163512
-0.803393	-0.219591
-0.957037	-0.234422
-0.977739	-0.230476
-0.953236	-0.174342
-0.886247	-0.0346904
-0.538897	-0.0170261
-0.127091	-0.108803
-0.195676	-0.225839
-0.357526	-0.384877
-0.57881	-0.502938
-0.521216	-0.494661
-0.528633	-0.567711
-0.416281	-0.656851
-0.545894	-0.534592
-0.663928	-0.440843
-0.725582	-0.340846
-0.47389	-0.166163
-0.0340611	0.21877
0.158595	0.293123
0.275718	0.293519
0.0152525	0.277899
-0.390625	0.363285
-0.444464	0.516283
-0.354328	0.679336
-0.371126	0.796445
-0.0779401	0.95921
-0.0228304	0.811635
0.317138	0.951203
0.279861	0.907671
-0.0599003	0.904381
-0.0798256	0.98198
0.0627487	0.778795
-0.203273	0.273377
-0.309467	-0.0465215
-0.478707	-0.158319
-0.49162	-0.254513
-0.865625	-0.0564917
-0.830278	-0.092671
-1.00182	-0.215187
-0.728717	-0.150228
-0.943379	-0.282013
-0.713973	-0.308184
-0.804928	-0.437467
-0.945639	-0.28288
-0.762611	-0.326402
-0.783854	-0.151497
-0.64786	-0.208487
-0.404883	-0.184275
-0.328404	-0.0368493
-0.623708	0.0387831
-0.624622	-0.215932
-0.685418	0.0347073
-0.766045	-0.115642
-0.822249	-0.36192
-0.792529	-0.22677
-0.840896	-0.255892
-0.94534	-0.268992
-0.809489	-0.302712
-0.744127	-0.359674
-0.865174	-0.338851
-0.930711	-0.494643
-0.887283	-0.441545
-0.725569	-0.354222
-0.560037	0.00773486
-0.793269	-0.203152
-0.816374	-0.411144
-0.67122	-0.286735
-0.796736	-0.329182
-0.853721	-0.228633
-0.769717	-0.275436
-0.862544	-0.273006
-0.563299	0.105676
-0.184974	0.250404
-0.195653	0.212016
-0.665631	0.0715475
-1.07703	-0.247112
-1.03244	0.0363448
-1.09108	-0.0845065
-1.26001	-0.176562
-1.15159	-0.0230646
-1.06755	0.0723186
-1.02637	0.141124
-0.885558	0.169404
-0.413793	0.0866464
-0.52136	0.186065
-0.476378	-0.00951015
-0.849544	0.0487996
-0.832632	-0.207346
-1.10775	-0.251507
-1.00111	-0.215937
-0.521644	0.729844
-0.537789	0.589393
-0.291905	0.540577
-0.258089	0.498678
-0.244834	0.458627
-0.191369	0.267849
-0.110945	0.0654674
0.181727	0.0379655
0.0805615	0.26222
-0.172433	0.297253
-0.297467	0.422641
-0.596405	0.212807
-0.683326	0.0924119
-0.754568	0.0163749
-0.20881	0.288509
-0.469727	0.124464
-0.281863	0.0886954
-0.285883	0.0929029
-0.270205	0.128916
-0.13186	0.130592
-0.0593427	0.180639
-0.119989	0.355209
0.249943	0.39146
0.353475	0.246135
0.329984	0.249415
0.15186	0.127601
0.0499176	0.0750233
-0.451373	0.0487497
-0.258166	0.0949372
-0.311484	0.474779
-0.191042	0.466362
0.0413572	0.46952
0.132978	0.197555
0.288909	0.117387
0.213998	0.227767
0.292861	0.664801
0.317597	0.423752
0.210778	0.406466
0.044524	0.497254
-0.147303	0.555152
-0.106465	0.609927
-0.0176996	0.561598
-0.0176897	0.433436
0.0154903	0.489684
-0.0116448	0.502529
0.148042	0.573064
0.264043	0.514538
0.104274	0.463138
-0.0640484	0.373524
-0.17649	-0.0219791
-0.137223	-0.161655
-0.0600445	-0.316053
-0.229817	-0.171093
-0.19294	-0.332584
-0.414912	-0.18337
-0.484856	-0.0827631
-0.679525	0.151083
-0.395215	0.264727
-0.341669	0.757168
-0.421883	0.901196
-0.163164	0.745032
-0.238957	0.820885
-0.312777	0.924305
-0.366742	0.928939
-0.35845	1.03226
-0.426205	0.940852
-0.533758	0.984956
-0.486726	0.928642
-0.558647	0.843559
-0.599846	0.73335
-0.6299	0.541698
-0.690283	0.468673
-0.658907	0.363174
-0.68475	0.279125
-0.668823	0.198721
-0.664769	0.124226
-0.64242	0.0746703
-0.574531	0.00900771
-0.491613	-0.0246348
-0.644826	0.405816
-0.859279	0.711144
-0.738643	0.626005
-0.562115	0.492592
-0.722713	0.541168
-0.66545	0.475793
-0.641643	0.411552
-0.77027	0.5387
-0.802162	0.505823
-0.679099	0.386544
-0.70838	0.385105
-0.794062	0.513789
-0.66388	0.370951
-0.570536	0.176971
-0.546181	0.121594
-0.360405	0.0155787
-0.262577	0.0755419
-0.0515448	0.106337
0.0903247	0.22153
0.341702	0.295671
0.258863	0.196839
0.302093	0.0747111
0.254606	0.0356036
0.187017	-0.0942228
-0.0284922	0.14389
0.18179	0.112108
-0.238276	0.235057
-0.403864	0.250334
-0.555886	0.397074
-0.615762	0.466282
-0.660827	0.456235
-0.627065	0.367931
-0.386413	0.0962185
0.239269	0.400862
0.130086	0.550442
-0.116826	0.273067
-0.340674	0.101791
-0.324204	0.0960034
-0.113593	0.122712
-0.0332667	0.0956166
0.13312	0.0103114
0.0581743	0.0216755
-0.00870013	0.175039
0.00543047	0.181209
0.0131808	0.120315
0.0308903	0.0903617
0.028443	0.0728295
-0.00114848	0.097096
-0.0475857	-0.0287165
-0.132615	-0.0269093
-0.19612	-0.10234
-0.294447	-0.0786304
-0.357568	-0.0136421
-0.418054	0.0608437
-0.446957	0.0691035
-0.480688	0.0422012
-0.433936	0.107428
-0.412348	0.0699365
-0.204668	-0.0157672
-0.044581	0.098444
-0.104766	0.364543
0.13985	0.316712
-0.0800106	0.256677
0.0469842	0.0880636
0.193051	-0.282672
-0.214573	-0.179898
-0.408575	-0.0908849
-0.442655	-0.357926
-0.602379	-0.165458
-0.545118	-0.432457
-0.438152	0.0923436
0.146663	0.135302
0.117423	0.134219
-0.101481	-0.038124
-0.120481	-0.026726
0.0503013	-0.00838238
-0.0154523	0.0568192
0.068924	-0.00211073
0.020546	0.0811927
0.0549152	0.121658
0.133966	0.111059
-0.0246715	-0.0167409
0.0233024	0.12662
-0.217679	0.101495
-0.307555	0.00612008
-0.448505	-0.0602622
-0.672639	-0.290722
-0.609798	-0.175868
-0.649178	-0.267108
-0.460811	-0.31281
-0.166538	0.468252
-0.12106	0.460629
-0.0719064	0.553926
-0.226294	0.589655
-0.122285	0.449328
-0.27142	0.593348
-0.285511	0.503149
-0.328846	0.548362
-0.16265	0.579946
-0.126484	0.426108
0.0870712	0.406532
0.0497725	0.5855
-0.316452	0.49492
-0.0867526	0.192671
-0.0384353	-0.142199
-0.190269	-0.307663
-0.382737	-0.0203491
-0.408128	0.0176403
-0.538961	-0.153257
-0.63385	-0.32359
-0.586253	-0.213259
-0.518275	-0.398689
-0.475582	-0.114602
-0.651312	-0.149157
-0.506342	0.221494
-0.308586	0.315495
-0.285271	0.12858
-0.261055	0.140175
-0.263877	0.624666
0.0115822	0.614771
0.322744	0.446016
-0.522633	0.429127
-0.482244	0.448232
-0.476373	0.439006
-0.133982	0.373884
-0.137686	0.297912
0.0427349	0.136702
0.196577	-0.0380589
-0.0132866	-0.0355125
-0.194442	-0.440973
-0.137843	-0.219934
-0.123702	-0.261622
-0.132288	-0.420776
-0.237007	-0.397877
-0.299021	-0.377068
-0.557209	-0.246314
-0.6437	-0.370984
-0.722934	-0.200754
-0.488746	-0.104353
-0.714959	-0.0749797
-0.637033	-0.398194
-0.651435	-0.138359
-0.847445	-0.333785
-0.518138	-0.331291
-0.643914	-0.512814
-0.664075	-0.118314
-0.256043	0.0998174
-0.448233	-0.0283021
-0.801403	-0.00380964
-0.588935	-0.00157227
-0.229249	0.27099
-0.683474	0.453049
-0.635833	0.495601
-0.276796	0.493542
-0.270407	0.515232
-0.00543701	0.412083
-0.026684	0.358306
0.20383	0.311344
0.087413	0.2923
0.267064	0.336562
-0.115627	0.251478
-0.21646	0.297575
-0.1684	0.262005
-0.374372	-0.0515608
-0.122181	-0.104121
0.0511014	-0.234668
-0.0582507	-0.339635
-0.21163	-0.318955
-0.156968	-0.029562
-0.174905	-0.18118
-0.229142	-0.147244
-0.219212	-0.204497
-0.235251	0.0687714
-0.29385	-0.0185072
-0.318476	-0.00905683
-0.523262	-0.0922697
-0.410379	-0.404123
-0.85042	0.121099
-0.76449	-0.418666
-0.740785	-0.287203
-0.696918	-0.443329
-0.889263	-0.299202
-0.781661	-0.271707
-0.764487	-0.282213
-0.673197	-0.226232
-0.847176	-0.230032
-0.890025	-0.228686
-0.940734	-0.148524
-0.938455	-0.321905
-0.70757	-0.0042606
-0.83577	-0.257256
-0.780105	-0.175085
-0.657275	-0.256559
-0.989583	-0.169971
-0.662333	-0.178065
-0.77353	-0.138169
-0.89986	-0.23647
-0.70438	-0.212662
-0.745762	-0.277449
-0.619256	-0.0864497
-0.223104	-0.0449393
0.071335	0.489523
-0.16954	0.406879
0.332998	0.616622
0.386354	0.650402
0.293004	0.807853
0.232776	0.912562
0.155994	0.943547
0.057466	0.969179
-0.00348206	0.905167
-0.210459	0.854132
-0.411767	0.65678
-0.745319	0.519959
-0.822698	0.283181
-0.864623	0.124218
-0.523093	-0.264635
-0.339827	-0.274251
-0.247203	-0.108534
-0.517861	0.367665
-0.427611	0.418798
-0.322637	0.291125
-0.412728	0.332833
-0.0994635	0.0878981
0.249632	-0.125777
-0.233456	-0.169401
0.0903017	-0.301804
0.197913	-0.342333
0.286808	-0.306889
0.348925	-0.26039
0.390796	-0.223992
0.418075	-0.2131
0.390559	-0.124784
0.245092	0.236202
0.00059952	0.252332
-0.0694768	0.0516918
-0.222771	0.106421
-0.160973	-0.110761
-0.50095	-0.0901786
-0.809182	-0.204806
-0.63678	-0.149844
-0.430068	0.0701967
0.126872	0.112695
0.29306	-0.0194238
0.418484	-0.0830006
0.412009	-0.0600326
0.399351	0.0292633
0.476306	0.0582642
0.141579	0.340018
0.122826	0.24827
-0.306067	0.260768
-0.435449	0.312029
-0.269752	0.0382964
-0.373404	-0.0470207
-0.745897	-0.169294
-0.62514	-0.0299546
-0.215374	0.00975595
-0.216356	-0.156866
-0.297826	-0.146393
-0.338789	-0.141984
-0.326339	-0.160253
-0.316962	-0.165361
-0.332025	-0.081292
-0.661604	0.325959
-0.652343	0.371623
-0.760951	0.479913
-0.792716	0.503978
-0.634512	0.369435
-0.670299	0.446719
-0.514191	0.400127
-0.53709	0.356885
-0.62584	0.448189
-0.628018	0.509041
-0.638108	0.552312
-0.751911	0.617038
-0.82844	0.600624
-0.598571	0.52927
-0.720108	0.616242
-0.683782	0.638319
-0.632651	0.632719
-0.554521	0.583297
-0.395557	0.562967
-0.347373	0.355536
0.0533315	0.280877
0.278812	0.0885162
0.273641	0.0880184
0.318354	0.0772544
0.313329	0.101381
0.330216	0.119445
0.367446	0.165862
0.30447	0.205637
0.33372	0.237001
0.298507	0.395863
0.226807	0.55234
0.0738535	0.574527
0.14671	0.242087
0.0394361	0.336926
-0.106532	0.0620316
-0.0795973	0.0728865
0.0362471	0.0789792
-0.0682758	0.237167
-0.222848	0.298144
-0.534924	0.363982
-0.641518	0.28681
-0.844198	0.344003
-0.766777	0.479313
-0.649883	0.621416
-0.537596	0.656955
-0.484997	0.57687
-0.285555	0.306105
-0.190305	0.0372278
-0.209299	-0.0927137
-0.204271	-0.0830102
-0.156932	-0.109797
-0.249889	0.00734928
0.000222342	-0.0102807
-0.108201	-0.0108376
-0.00415623	-0.0614191
-0.0239222	-0.129442
-0.129452	-0.190341
-0.0842928	-0.258168
-0.266752	-0.260341
-0.0198876	-0.160854
-0.301067	-0.134044
-0.112775	0.0444307
-0.298806	0.103797
-0.253203	0.0412405
-0.393847	0.107712
-0.535444	-0.0130208
-0.62477	-0.115081
-0.660894	-0.205992
-0.665856	-0.201979
-0.655103	-0.217837
-0.771203	-0.193639
-0.843462	-0.151394
-0.714002	-0.185036
-0.727349	0.242225
-0.577932	0.439281
-0.348923	0.44797
-0.442888	0.595689
-0.304658	0.588838
0.0163237	0.31525
0.212678	0.48762
-0.0220122	0.596646
-0.157973	0.369036
-0.0487567	0.238492
-0.149713	-0.0388379
-0.368027	-0.260596
-0.532294	-0.401197
-0.399928	-0.331563
-0.330667	-0.150034
-0.456893	-0.239066
-0.505526	-0.123281
-0.422546	-0.174024
-0.610644	-0.0291704
-0.57152	-0.0324133
-0.296145	0.351288
0.189573	0.513828
-0.540427	0.613854
-0.443097	0.580648
-0.363264	0.362136
-0.381629	0.27177
-0.587203	0.173102
-0.200414	0.0349443
-0.581318	0.0743674
-0.111816	0.413109
-0.0570743	0.335587
-0.17801	0.0193231
-0.334042	-0.124906
-0.292355	-0.234999
-0.25737	-0.259955
-0.286719	-0.520667
-0.523757	-0.610828
-0.754684	-0.654554
-0.673431	-0.58014
-0.68428	-0.337232
-0.572556	-0.297764
-0.521654	-0.12426
-0.641201	-0.149963
-0.526663	-0.236879
-0.397219	-0.344665
-0.732997	-0.257453
-0.794857	0.11567
-0.499404	-0.0944156
0.373073	-0.340794
0.0216984	-0.288381
-0.213655	-0.343597
-0.462367	-0.443309
-0.567556	-0.488593
-0.486625	-0.679001
-0.335076	-0.651214
-0.150805	-0.536691
-0.175658	-0.0697738
-0.431775	0.0937227
-0.448995	0.355109
-0.340361	0.198997
-0.373918	0.0243916
-0.280405	-0.225913
-0.342558	-0.29981
-0.401411	-0.269579
-0.560211	-0.0892359
-0.546449	-0.207573
-0.309129	-0.410937
-0.138944	-0.247953
-0.539203	0.00976715
-0.321045	-0.109472
-0.285055	0.249981
-0.137022	0.70202
-0.329209	0.746892
-0.228098	0.821581
-0.10155	0.848605
-0.128148	0.946547
-0.324431	0.729724
-0.370627	0.134208
-0.4664	-0.0847718
-0.658373	0.0174757
-0.654572	-0.290395
-0.59293	-0.301583
-0.667424	-0.289215
-0.812699	-0.1051
-0.671358	-0.215715
-0.279317	-0.531762
-0.204272	-0.512304
-0.536024	-0.409185
-0.0828738	-0.300851
-0.326648	-0.0973519
-0.171368	-0.0755342
0.0859238	0.282366
0.359782	0.336266
0.174188	0.541419
0.271771	0.533646
0.345862	0.502434
0.237695	0.476765
0.0237017	0.513658
0.155566	0.47457
0.13756	0.56139
0.140475	0.604249
0.0585866	0.437897
-0.291181	0.276671
-0.566799	-0.0424777
-0.743665	-0.280161
-0.360807	0.482477
-0.746845	0.288514
-1.01834	0.366946
-0.888906	0.235467
-0.763307	0.382412
-0.610069	0.297269
-0.595343	0.36662
-0.10484	0.417204
-0.178378	0.234412
0.0870598	0.124282
-0.310472	0.169463
-0.649647	0.381789
-0.493393	0.25909
-0.327974	0.163134
0.0168569	-0.0273012
0.368691	0.0246412
0.383226	0.216191
0.353684	0.295288
0.373631	0.50871
0.300203	0.286443
0.368323	0.30589
0.254395	0.099277
0.381659	-0.0164167
0.22125	0.362997
0.0799242	0.505305
-0.308184	0.474535
-0.219742	0.0333206
-0.241121	0.139291
-0.032185	0.418051
-0.108433	0.46025
-0.238616	0.158731
-0.293272	0.204178
-0.440292	-0.0110483
-0.516296	-0.0832186
-0.693382	-0.248329
-0.661971	-0.211647
-0.736134	-0.237837
-0.769454	-0.253843
-0.834471	-0.200448
-0.852228	-0.319041
-0.896306	-0.439745
-1.0194	-0.442555
-0.878639	-0.39951
-0.944408	-0.324235
-0.795303	-0.0749001
-0.745612	-0.2951
-0.823175	-0.136826
-0.810182	-0.320098
-0.990647	-0.202821
-0.812717	-0.252124
-0.48807	-0.287382
-0.676568	-0.487302
-0.576793	-0.361268
-0.353038	-0.146329
-0.345821	-0.316729
-0.446688	-0.512535
-0.374086	-0.433871
-0.418366	-0.570291
-0.981737	-0.329299
-0.556002	-0.59385
-0.442765	-0.509706
-0.376502	-0.409193
-0.2141	-0.349977
-0.183492	-0.289874
-0.16073	-0.262123
-0.214107	-0.285272
-0.299604	-0.343926
-0.379858	-0.318076
-0.470242	-0.399294
-0.467546	-0.448397
-0.531655	-0.446836
-0.618087	-0.475567
-0.686463	-0.420381
-0.798279	-0.26836
-0.765113	-0.220955
-0.631702	-0.231208
-0.78283	0.205118
-0.201887	0.543285
-0.129606	0.475307
-0.0330867	0.604348
0.0155549	0.409256
-0.0899671	0.172474
-0.0362142	0.061079
-0.243024	-0.245607
0.265367	-0.411022
0.321173	-0.312304
0.149742	-0.226897
-0.198393	-0.253526
-0.323765	-0.107259
0.134834	0.332309
0.28402	0.519885
0.169081	0.204532
0.42227	0.0162525
0.438836	-0.0266674
0.464615	0.0877861
0.398952	0.1606
0.527634	0.132214
0.636219	0.0155989
0.655402	-0.011469
0.862082	-0.25968
0.729984	-0.180501
0.677188	-0.232463
0.57671	-0.0167924
0.430895	0.0258207
0.210175	0.000863522
0.250389	0.159661
0.116561	0.0310609
-0.237984	0.236975
-0.245194	0.282772
-0.468339	0.208108
-0.374158	0.0626725
-0.587896	0.0725543
-0.87187	0.327189
-0.910942	0.470734
-0.790807	0.402766
-0.877931	0.554027
-0.804575	0.61556
-0.696601	0.67843
-0.65729	0.744366
-0.624502	0.76535
-0.517009	0.771768
-0.462788	0.773173
-0.394741	0.796426
-0.4166	0.823699
-0.490395	0.744491
-0.577838	0.710117
-0.677663	0.597011
-0.766673	0.315376
-0.671831	0.189379
-0.470644	-0.0879211
-0.279394	-0.0999674
-0.269885	-0.0688843
-0.0070386	-0.0610139
0.101106	-0.0357294
0.0471653	0.0765529
0.404123	0.0698624
0.389883	0.244878
0.164594	0.272394
0.53893	0.362375
0.670348	0.391539
0.643738	0.544961
0.585738	0.522105
0.183733	0.288485
-0.0270104	0.414286
-0.133486	0.0771244
-0.27433	0.102854
-0.209116	0.0126416
-0.224889	-0.141006
-0.365524	-0.341956
-0.411653	-0.24052
-0.321437	-0.425789
-0.29034	-0.295569
-0.186898	-0.291954
-0.296968	-0.40677
-0.402754	-0.30908
-0.500375	-0.352523
-0.534975	-0.0610935
-0.404495	-0.224111
-0.314304	-0.384987
-0.532324	-0.478779
-0.69087	-0.30989
-0.640193	-0.277837
-0.610688	-0.223263
-0.601477	-0.0267202
-0.626493	0.290351
-0.548262	0.603415
-0.255074	0.562321
0.0481939	0.530575
0.108515	0.600066
-0.0682933	0.628122
-0.112025	0.492754
-0.406258	0.311295
-0.293992	0.0483423
-0.440758	-0.052562
-0.672474	-0.109993
-0.189763	-0.238962
0.206761	-0.25481
-0.217925	-0.18423
-0.584502	-0.344029
-0.373306	-0.414179
-0.416078	-0.269729
0.144826	0.342498
0.181081	0.480608
0.100183	0.572979
-0.319014	0.350966
-0.544837	0.393062
-0.636443	0.518192
-0.587225	0.450041
-0.987835	0.788095
-0.892461	0.758482
-0.661565	0.611288
-0.4304	0.297672
-0.398385	-0.035269
-0.749625	0.00621882
-0.767875	4.69973e-05
-0.807956	0.0550381
-0.724321	-0.0721072
-0.858188	0.0132677
-0.452653	0.153221
-0.395874	0.379428
-0.613815	0.141211
-0.441254	0.334149
-0.581618	0.465802
-0.558672	0.31569
-0.631298	0.512101
-0.582711	0.304335
-0.56824	0.357839
-0.556082	0.300089
-0.645892	0.13549
-0.490936	0.102602
-0.836096	-0.0943292
-0.73288	-0.133584
-0.692322	-0.107766
-0.707962	-0.208399
-0.628716	-0.341559
-0.965863	-0.233631
-0.605541	-0.211362
-0.747785	-0.272565
-0.735128	-0.39343
-0.728222	-0.140846
-0.925392	-0.225092
-0.625741	-0.265171
-0.697278	-0.294771
-0.702561	-0.315631
-0.69466	-0.104455
-0.968102	-0.363623
-1.05504	-0.144849
-0.761789	-0.139689
-0.626015	-0.2971
-0.815453	-0.261815
-0.75513	-0.169334
-0.471794	0.0899354
0.0646249	0.398588
-0.333332	0.422054
0.0473216	0.29025
-0.157642	0.20345
-0.329153	0.103106
-0.277294	0.0929069
-0.555974	0.136282
-0.440426	-0.11604
-0.260087	-0.182888
-0.159486	-0.278706
-0.224782	-0.113431
-0.0974015	-0.232599
-0.155785	-0.125359
-0.141031	-0.100954
-0.0201024	-0.0805626
-0.129754	-0.051445
-0.212266	0.039737
-0.234577	0.205308
-0.45079	0.574858
-0.274672	0.574284
-0.27522	0.614553
-0.251386	0.46973
-0.337472	0.367356
-0.0448561	0.158534
-0.038314	0.164966
-0.155048	0.125356
-0.396276	0.194562
-0.769803	0.0619081
-0.947021	0.0632617
-0.832711	-0.285236
-0.953574	-0.252301
-0.650002	-0.0936427
-0.281393	0.0936618
0.00206162	0.0928622
0.0783211	0.0989016
0.271895	-0.000312842
0.308629	0.0888057
0.265834	0.124761
-0.0202902	0.304595
-0.0362249	0.405668
-0.286209	0.258212
-0.543473	-0.00352369
-0.327739	-0.148536
-0.510004	-0.309661
-0.540083	-0.173428
-0.509127	-0.288835
-0.309061	-0.339893
-0.117727	-0.447145
-0.26253	-0.471545
-0.264719	-0.297947
-0.426057	-0.270396
-0.524782	0.0913903
-0.569615	-0.0257668
-0.594966	0.359167
-0.464562	0.456693
-0.458269	0.294468
-0.318921	0.0950421
-0.253383	0.0145351
-0.194356	-0.0368636
-0.170091	-0.14888
-0.200413	-0.195715
-0.204233	-0.28551
-0.216869	-0.293278
-0.185193	-0.338616
-0.193033	-0.325936
-0.115824	-0.317609
-0.0387823	-0.370922
-0.0847887	-0.308699
-0.0545083	-0.264304
-0.169116	-0.277935
-0.0250419	-0.363159
0.0991901	-0.454173
0.087229	-0.487534
0.205133	-0.605222
0.215777	-0.58215
0.147434	-0.598305
0.0195014	-0.522991
0.0340531	-0.547824
0.0279542	-0.514559
0.156501	-0.355671
0.233661	-0.0822829
-0.0987697	0.186634
-0.1639	0.190366
0.149726	0.173023
0.251589	-0.0445713
0.256292	-0.0461163
0.0407864	0.109552
0.301619	-0.15685
0.0841863	-0.36767
0.0839618	-0.569516
0.0605391	-0.368644
-0.0881314	-0.392253
-0.40757	-0.255842
-0.440884	-0.390388
-0.543259	-0.473425
-0.578628	-0.520342
-0.530691	-0.182241
-0.614024	-0.0899328
-0.556313	0.0193492
0.0519456	0.254338
0.0368222	0.23948
0.0449516	0.118775
0.110642	-0.0575919
-0.0525982	0.0565086
-0.223757	0.214778
-0.491031	0.622971
-0.569185	0.66542
-0.530697	0.682949
-0.562369	0.693974
-0.446509	0.616079
-0.50735	0.653827
-0.458972	0.691585
-0.428678	0.719865
-0.53349	0.883409
-0.519881	0.903107
-0.500373	1.03599
-0.272079	1.00365
-0.37252	0.812162
-0.394686	0.700294
-0.327015	0.319258
-0.549299	0.157995
-0.664647	0.184266
-0.745485	0.173151
-0.753934	0.220343
-0.873794	0.316001
-0.791419	0.276118
-0.814755	0.35192
-0.971578	0.464618
-0.90987	0.708312
-0.234147	0.496498
0.00232121	0.385297
-0.308411	0.200097
-0.290445	0.229688
-0.31883	0.144993
-0.309484	0.0973326
-0.273205	-0.315357
0.227111	-0.39245
-0.173055	-0.126978
-0.556852	0.282239
-0.638627	0.0637942
-0.346165	0.251342
-0.427284	0.138558
-0.153642	0.248091
-0.354388	0.195243
-0.0474074	-0.126764
-0.000925752	-0.225508
-0.282484	-0.221763
-0.514591	-0.083323
-0.507571	-0.00920338
-0.425987	0.0263601
-0.232843	0.158797
0.1593	0.235912
0.00260458	0.0607302
-0.210328	-0.126096
-0.760216	-0.105928
-0.947674	-0.234565
-0.738291	-0.024625
-0.305636	0.15618
-0.344121	0.142226
-0.46899	0.0829927
-0.731782	0.125477
-0.688032	0.105768
-0.457941	0.0590557
-0.352207	0.0629771
-0.337347	0.597276
-0.435991	0.677735
-0.5384	0.640961
-0.497389	0.699294
-0.534107	0.691
-0.519426	0.63997
-0.277809	0.602252
0.0727555	0.744991
0.287064	0.890316
0.33817	0.896048
0.344801	0.960038
0.277877	0.994684
0.140828	0.860777
-0.0880818	0.580652
-0.160788	0.302853
-0.22784	0.260717
-0.274225	0.232224
-0.356657	0.249536
-0.349901	0.235025
-0.449583	0.204511
-0.830001	0.465549
-0.745246	0.683347
-0.653382	0.589669
-0.782052	0.628885
-0.868505	0.638294
-0.787589	0.576004
-0.738048	0.204709
-0.66399	-0.0850275
-0.527111	-0.331451
-0.641741	-0.298448
-0.625362	-0.303634
-0.648989	-0.289563
-0.557077	-0.318339
-0.522043	-0.217472
-0.656133	0.0945065
-0.633764	0.228917
-0.560867	0.186925
-0.398525	0.234005
-0.047329	0.112751
0.134637	0.304788
0.0459919	0.449297
-0.0111278	0.459572
-0.153103	0.109701
-0.26617	-0.0706005
-0.288203	-0.0950442
-0.422363	-0.14454
-0.644721	0.131169
-0.956892	-0.147
-0.818072	-0.117149
-0.721587	0.274681
-1.16504	0.281799
-0.655029	0.490875
-0.485033	0.282145
-0.135304	0.167039
-0.029007	0.256536
0.023467	0.323238
0.0628957	0.277648
0.0975772	0.183627
0.0531078	0.139371
0.0164427	0.266464
-0.0884727	0.114753
-0.274773	0.227397
-0.414623	0.0073382
-0.182427	-0.00898778
-0.411209	-0.0154813
-0.67767	-0.044945
-0.733098	-0.148418
-0.873218	-0.154908
-0.654573	-0.0268903
-0.565387	0.148058
-0.0761529	-0.016149
-0.0113727	-0.558641
0.120728	-0.590324
0.0366488	-0.5804
-0.123791	-0.573256
-0.417816	-0.388396
-0.384326	-0.356151
-0.225836	-0.367305
0.179312	-0.255237
0.200054	0.0208243
0.1072	0.0434252
0.144714	-0.00406606
-0.0649887	-0.209838
-0.0576008	-0.416824
-0.136549	-0.349432
-0.0806469	-0.539888
-0.0680411	-0.492284
-0.30395	-0.426234
-0.0961252	-0.243378
-0.119455	-0.496311
-0.194268	-0.177965
-0.472367	-0.127851
-0.566359	-0.00978584
-0.0459054	0.183237
-0.0829743	0.0249738
0.0481951	-0.414812
-0.298566	-0.345254
-0.418671	-0.166321
-0.415695	-0.045742
-0.0399918	0.00948847
0.332606	-0.0156827
0.436946	0.175849
0.545007	0.384974
0.431871	0.330681
-0.0456769	0.199305
-0.417146	0.041292
-0.488052	-0.122369
-0.431894	0.0738974
-0.6542	0.0934918
-0.60181	-0.0622568
-0.197687	0.0477394
-0.0138035	0.511532
0.495373	0.459144
0.328562	0.541836
0.0590888	0.589976
0.0642692	0.519665
-0.219819	0.659484
-0.149189	0.530674
-0.0721044	0.474421
-0.162232	0.537395
-0.153151	0.420932
-0.0892914	0.42099
-0.114951	0.416025
-0.0693063	0.60763
-0.0198555	0.528828
0.276263	0.116501
0.368906	-0.302597
0.151575	-0.107158
0.00799278	-0.0320149
-0.221404	0.134813
-0.244771	0.323736
-0.319293	0.366125
-0.674833	0.381623
-0.861586	0.423506
-0.850056	0.301836
-0.814563	0.222469
-0.790664	0.192286
-0.793048	0.171907
-0.774668	0.147226
-0.720816	0.167401
-0.171147	0.478207
-0.263226	0.51165
-0.332985	0.330744
-0.150149	0.400821
-0.204433	0.261129
-0.359416	0.324358
-0.41508	0.389281
-0.379839	0.165858
-0.363464	0.532818
-0.250738	0.392837
-0.289599	0.348044
-0.327069	0.212712
-0.473806	0.114124
-0.391643	-0.0859374
-0.409163	-0.123453
-0.347273	-0.206795
-0.248754	-0.39097
-0.430382	-0.163439
-0.0586001	-0.219594
-0.269775	-0.353176
-0.448853	-0.175491
-0.378615	-0.232733
-0.450116	-0.297238
-0.66888	-0.058376
-0.751251	-0.201036
-0.759272	-0.199073
-0.745326	-0.327707
-0.858979	-0.147186
-0.843673	-0.100617
-0.654182	-0.135339
-0.66757	-0.141332
-0.616821	-0.23724
-0.748215	-0.161189
-0.301619	-0.151014
-0.209667	-0.164807
0.14954	0.172005
0.309751	-0.0325063
0.328503	-0.167449
0.373858	-0.136182
0.306548	-0.276354
0.104649	-0.0863123
-0.261839	0.364773
-0.38961	0.381756
-0.39895	0.262748
-0.525035	0.391269
-0.449377	0.247795
-0.417655	-0.053775
-0.401456	-0.469665
-0.614149	-0.471234
-0.487728	-0.545634
-0.669857	-0.436637
-0.842625	-0.340066
-0.630107	-0.454128
-0.412717	-0.517714
-0.253332	-0.541025
-0.217197	-0.503404
-0.238947	-0.37325
-0.124394	-0.327457
-0.101013	-0.16022
0.0502248	-0.062407
-0.0494358	0.114155
-0.0582392	0.194155
-0.36372	0.398605
-0.564944	0.274245
-0.58425	0.319651
-0.609575	0.208222
-0.331016	0.309439
-0.329054	0.0190781
-0.265834	0.0127201
-0.222486	-0.0292296
-0.192009	0.215497
0.135518	0.0487321
0.21498	-0.165626
-0.0350155	-0.321881
-0.262617	-0.153033
-0.380308	-0.0668146
-0.463266	-0.0147843
-0.36005	-0.111714
-0.403956	-0.120219
-0.402633	-0.140371
-0.443403	-0.0905056
-0.521866	0.159974
-0.548937	0.512215
-0.473614	0.7808
-0.113379	0.303375
-0.24097	0.346845
-0.365363	0.433853
-0.301478	0.441358
-0.00458617	0.474059
0.079898	0.40121
0.197364	0.347735
-0.0197451	0.518366
-0.30705	0.100739
-0.029076	0.0545691
-0.231525	0.14523
-0.33261	-0.0938464
-0.430807	-0.212191
-0.231269	-0.278735
-0.302347	-0.17831
-0.487564	0.246865
-0.580543	0.304916
-0.598937	0.27142
-0.668105	-0.100607
-0.699729	-0.140989
-0.648698	-0.196068
-0.990008	-0.196254
-0.875874	0.183883
-0.457869	0.494251
-0.292313	0.480355
-0.546829	0.705343
-0.563303	0.632522
-0.66933	0.676908
-0.625773	0.463396
-0.199972	0.515247
-0.501739	0.162766
-0.705176	0.0627657
-0.773433	0.0590378
-0.840366	-0.119255
-0.714983	-0.232472
-0.719032	-0.27403
-0.720985	-0.259313
-0.666777	-0.21305
-0.66007	-0.0484077
-0.680203	-0.00878444
-0.404003	-0.189616
-0.0171016	-0.178165
0.0436957	0.0705107
-0.0582472	0.413761
-0.236816	0.539336
-0.197433	0.129402
-0.404441	0.179213
-0.554864	0.00427343
-0.472861	0.0176515
-0.606811	-0.244838
-0.562881	-0.330827
-0.496474	-0.240132
-0.3876	-0.160211
-0.317188	-0.1853
-0.404087	-0.163702
-0.670728	-0.0435581
-0.605566	-0.0499163
-0.381748	0.0889808
-0.135675	0.150942
0.0221375	0.162055
0.0673734	0.192645
-0.206254	0.0775293
-0.410812	0.0121268
-0.422011	-0.226888
-0.714323	0.00673176
-0.714389	-0.0323813
-0.908287	-0.0661567
-0.745827	-0.122851
-0.613149	-0.0351737
-0.671892	-0.0226745
-0.657892	-0.125135
-0.571065	-0.18098
-0.399796	-0.241374
-0.521409	-0.0561783
-0.826508	0.409646
-0.918683	0.407438
-0.854393	0.34379
-0.915482	0.370898
-0.684885	0.0995022
-0.486276	-0.142082
-0.321355	-0.345838
-0.501883	-0.370812
-0.61776	-0.404884
-0.731852	-0.367649
-0.791753	-0.314621
-0.853045	-0.213272
-0.911996	-0.0867796
-0.739727	-0.0790751
-0.433827	0.117293
-0.139152	-0.00238753
-0.311799	-0.0462645
-0.363983	-0.341492
-0.690016	-0.404415
-0.880272	-0.209748
-0.909833	-0.00863312
-0.485705	0.286404
-0.330931	0.559611
-0.0667097	0.527183
-0.257937	0.742878
-0.192137	0.837631
-0.224051	0.870293
-0.2923	0.853746
-0.0457662	0.604077
-0.0531952	0.550769
0.0188813	0.615151
0.102166	0.348194
-0.146443	0.29478
-0.0803753	0.492924
-0.0356868	0.385666
-0.0590222	0.393244
-0.0734614	0.487697
-0.199406	0.509788
-0.515909	0.356032
-0.776527	0.134778
-0.534616	0.0740051
-0.611145	-0.0276101
-0.80365	-0.0352018
-0.572066	-0.227145
-0.452662	-0.302475
-0.3598	-0.388817
-0.0862707	-0.366252
0.0669505	-0.243689
-0.0659039	0.0442472
-0.28984	0.202168
-0.792789	0.173945
-0.643047	-0.00196842
-0.445308	-0.102628
-0.535955	-0.0997582
-0.558598	-0.203526
-0.715002	-0.170477
-0.691793	-0.235503
-0.924235	-0.202014
-0.645765	-0.317673
-0.27531	-0.238023
0.0830149	0.00778148
0.26714	0.0265488
0.369567	-0.047335
0.111277	0.174396
-0.366446	0.566294
-0.400258	0.562136
-0.497743	0.605189
-0.523109	0.577299
-0.588375	0.588619
-0.504643	0.461169
-0.655577	0.614728
-0.553534	0.514808
-0.556598	0.501
-0.584339	0.574229
-0.634728	0.730549
-0.644335	0.604622
-0.464056	0.332203
-0.36671	-0.0927787
-0.371366	-0.243851
-0.468171	-0.269481
-0.690603	-0.136737
-0.721532	-0.183305
-0.744231	-0.140268
-0.462649	-0.275612
-0.527032	0.00577972
-0.458856	0.189504
-0.496105	0.532111
-0.659329	0.517898
-0.877219	0.55284
-0.848744	0.534421
-0.678359	0.425413
-0.433922	0.229695
-0.448699	0.219479
-0.436517	0.177963
-0.026371	-0.139116
0.283947	-0.123239
0.231285	0.230886
0.445545	-0.0138671
0.175117	-0.0345665
0.19512	-0.234974
0.334231	-0.484489
0.0944748	-0.540602
-0.165157	-0.399827
-0.0679868	-0.697533
0.0591028	-0.536799
-0.108342	-0.494026
-0.432149	-0.196906
0.13294	-0.0726154
0.188526	-0.0472403
0.102093	-0.0402246
-0.0650422	-0.122315
-0.322678	-0.168229
-0.18658	-0.241687
-0.105479	-0.0705165
-0.0391617	0.320689
-0.397719	0.454401
-0.807082	0.00494972
-0.642822	0.0210124
-0.00790696	0.138378
0.195026	0.383985
-0.296846	0.187948
-0.469454	-0.0276451
-0.561687	-0.0626013
-0.587906	-0.171484
-0.610329	-0.260921
-0.76732	-0.260542
-0.963611	-0.274964
-0.957074	-0.338201
-0.957132	-0.31285
-0.923519	-0.343555
-0.913067	-0.372298
-1.02782	-0.23972
-1.067	-0.0758111
-0.593752	-0.153812
-0.689247	-0.155985
-0.296004	0.11195
-0.71452	0.136612
-0.268778	0.253627
-0.651641	0.361691
-0.2416	0.323295
-0.495056	0.454105
-0.191288	0.394453
-0.123312	0.491317
-0.202242	0.340618
-0.133445	0.383294
-0.203937	0.268342
-0.348198	0.0747581
-0.517397	-0.0576494
-0.565433	0.0983097
-0.683259	-0.216584
-1.22675	-0.668035
-0.917619	-0.383515
-0.765561	-0.206702
-0.690225	-0.274305
-0.747726	-0.242514
-0.70653	-0.188707
-0.709495	-0.280579
-0.795867	-0.211876
-0.710021	-0.127542
-0.780811	-0.313951
-0.766721	-0.330984
-0.703206	-0.233135
-0.763717	-0.45802
-0.708399	-0.157092
-0.595383	-0.318412
-0.6308	-0.183377
-0.827455	-0.0930448
-0.866816	-0.286051
-0.701545	-0.426987
-0.69292	-0.296808
-0.379899	0.00776954
0.342314	0.446192
0.0614807	0.510764
-0.0893502	0.610364
-0.156298	0.741018
-0.154637	0.681306
-0.385361	0.63748
-0.356128	0.768299
-0.336604	0.762448
-0.343714	0.746262
-0.298387	0.745413
-0.3894	0.747629
-0.33476	0.691228
-0.261689	0.607169
-0.277138	0.704984
-0.258394	0.703537
-0.302106	0.660082
-0.268185	0.348739
-0.00653134	0.366217
0.224443	0.174266
0.361345	0.00464053
0.456317	-0.265596
0.575321	-0.0946622
0.325245	-0.0148769
-0.0596825	-0.0480739
-0.311311	-0.214474
-0.162714	-0.454198
-0.41539	-0.339528
-0.285179	-0.594602
-0.535885	-0.350119
-0.561206	-0.371861
-0.520661	-0.255894
-0.634651	-0.0524269
-0.788527	0.220895
-0.729623	-0.0934449
-0.584747	-0.432662
-0.870395	-0.314372
-0.981325	-0.185417
-0.92207	-0.108108
-0.851161	0.0921075
-0.656173	0.318614
-0.426859	0.573808
-0.19225	0.713341
-0.0446317	0.834239
-0.0183123	0.179917
-0.0464947	0.136815
-0.0600268	0.275907
-0.108645	0.276535
0.0185496	0.456547
-0.0060205	0.358154
-0.123257	0.414722
-0.0125443	0.552063
-0.131848	0.487645
-0.500318	0.0926281
-0.730447	0.225602
-0.595896	-0.139471
-0.764084	-0.130722
-0.782717	-0.218028
-0.749331	-0.234483
-0.733073	0.0430869
-0.731177	0.1119
-0.679637	0.0890628
-0.661925	-0.0195923
-0.701757	-0.195932
-0.673704	-0.234548
-0.683142	-0.190761
-0.725712	-0.0638901
-0.55892	-0.0481268
-0.322417	-0.0314898
-0.306369	-0.0225642
-0.35365	0.125247
-0.341817	-0.035119
-0.239811	-0.341141
-0.025618	-0.335195
-0.31192	-0.297768
-0.241113	-0.247951
-0.375591	-0.216892
-0.144689	0.0396061
-0.0437901	0.461362
-0.418598	0.447876
-0.271864	0.0399639
-0.401997	0.171021
-0.435177	0.182906
-0.317161	0.236148
-0.451344	0.467318
-0.255744	0.352653
-0.0304345	0.0397997
-0.022653	-0.0823063
-0.106407	-0.0637445
-0.270208	0.430492
-0.582032	0.794167
-0.53397	0.736351
-0.68054	0.729464
-0.902385	0.784869
-0.962705	0.703749
-0.615556	0.396392
-0.311006	0.0738017
-0.634597	-0.256456
-0.46648	-0.383259
-0.523303	-0.367392
-0.546085	-0.34805
-0.546772	-0.149435
-0.275175	-0.201745
-0.0168998	0.174693
-0.0169237	-0.117024
0.048759	-0.367285
-0.110064	-0.593213
-0.0818581	-0.530619
-0.197515	-0.413609
-0.353679	-0.346068
-0.517091	-0.155044
-0.361212	-0.000983313
-0.576828	0.129851
-0.655369	-0.0951553
-0.467783	0.25568
-0.406847	0.141142
-0.362254	-0.142692
-0.570755	-0.153099
-0.532163	-0.114426
-0.59699	-0.051464
-0.434774	-0.205211
-0.466222	-0.157087
-0.489203	-0.173964
-0.493131	-0.225343
-0.58223	-0.259368
-0.73932	-0.220733
-0.723957	-0.308629
-0.603464	-0.350482
-0.464687	-0.423484
-0.207733	-0.460782
-0.23603	-0.133015
-0.411144	0.147182
-0.914449	0.686668
-1.10198	0.517714
-1.04144	0.376885
-0.489309	0.337414
-0.0701582	0.217902
-0.253755	0.195351
-0.124095	0.0402481
-0.075082	0.227741
-0.295666	0.289627
-0.418016	0.440532
-0.241161	0.416803
-0.299694	0.331553
-0.232375	0.438061
-0.0963639	0.473421
-0.364159	0.526582
-0.221574	0.509949
-0.179983	0.768363
-0.238842	0.638782
-0.328317	0.649868
-0.28026	0.805363
-0.335895	0.823059
0.0148799	0.775821
-0.141839	1.03735
-0.118555	1.02234
-0.124817	1.08899
-0.0908724	1.01974
-0.191107	0.84581
-0.332808	0.78584
-0.323171	0.610953
-0.265794	0.360234
-0.507789	0.300213
-0.697379	0.3446
-0.815549	0.336545
-0.626024	0.285725
-0.773461	0.270119
-0.578767	0.496332
-0.632421	0.244472
-0.517316	0.20588
-0.477658	0.227314
-0.536846	0.106354
-0.561692	0.0454177
-0.818518	0.163085
-0.709046	-0.0780209
-0.67886	-0.208327
-0.62793	-0.416527
-0.664258	-0.24989
-0.643885	-0.314317
-0.720778	-0.300912
-0.899116	-0.136869
-0.550157	-0.297333
-0.743306	-0.201272
-0.732634	-0.137654
-0.78307	-0.225166
-0.728332	-0.144652
-0.612537	-0.304744
-0.875275	-0.257496
-0.81285	-0.180023
-0.87917	-0.184705
-0.844611	-0.199313
-0.995425	-0.266188
-0.782842	-0.281406
-0.740009	-0.349157
-0.875538	-0.268729
-0.844981	-0.352979
-0.727827	-0.20421
-0.353482	0.299403
-0.513638	0.222915
-0.564285	0.183003
-0.327753	0.379599
-0.294013	0.488052
-0.366326	0.156713
-0.441706	0.365764
-0.302311	0.68146
-0.128632	0.542186
0.335483	0.141617
0.0149969	0.230232
-0.103325	0.0399844
-0.182714	-0.0729458
-0.216697	-0.277399
-0.4035	-0.0883095
-0.478288	-0.034974
-0.500385	0.039911
-0.365486	0.102789
-0.0398575	0.239024
-0.165552	0.389027
-0.209499	0.296125
-0.305577	0.35681
-0.26294	0.318578
-0.54634	0.506975
-0.652155	0.705503
-0.556771	0.670566
-0.343648	0.632974
-0.072499	0.495804
-0.023238	0.47122
-0.12488	0.512136
0.0461933	0.393438
-0.0211266	0.412772
0.179123	0.45682
0.392218	0.263617
0.176762	0.405909
0.185555	0.506634
-0.451055	0.854429
-0.65382	1.02404
-0.76545	0.990879
-1.04496	0.870823
-1.06652	0.711941
-0.809243	0.324159
-0.636621	0.0850613
-0.521957	-0.0652783
-0.467245	-0.125004
-0.377363	-0.136317
-0.216922	-0.24136
-0.1672	-0.237567
-0.0265319	-0.259437
0.0621564	-0.35255
0.154567	-0.277989
0.085281	-0.0194986
-0.16764	0.253942
-0.199498	0.113257
-0.309885	-0.178495
-0.292989	0.0610274
-0.176669	0.295208
0.0638189	-0.276827
0.111436	-0.272756
0.0319496	-0.253006
-0.0364856	-0.17112
-0.105557	-0.0459739
-0.122773	0.0272667
-0.243849	0.233654
-0.355257	0.450812
-0.489701	0.630262
-0.301886	0.557516
-0.195285	0.697976
-0.0472518	0.691414
-0.0351409	0.672082
-0.0186215	0.694699
0.0818751	0.432378
0.0214931	0.206855
-0.417406	0.213735
-0.495913	-0.0515403
-1.15753	-0.114578
-0.861208	-0.0212088
-0.482644	0.287088
-0.597695	0.319875
-0.404673	0.192304
-0.226011	0.126223
-0.351628	-0.0768627
-0.354089	-0.144732
-0.318674	0.0200115
-0.277849	0.458913
-0.350605	0.347452
-0.497082	0.320891
-0.553747	0.383949
-0.661284	0.464979
-0.640005	0.398116
-0.693907	0.382211
-0.689601	0.189224
-0.554168	-0.343357
-0.43112	-0.44915
-0.503728	-0.345371
-0.657478	-0.100907
-0.560573	-0.0879499
-0.462266	0.0107895
-0.328514	0.153593
-0.312947	0.31856
-0.223538	0.457108
-0.144772	0.710531
-0.328293	0.894546
-0.24513	0.919203
-0.196398	0.922641
-0.173696	0.898766
-0.15266	0.891908
-0.139818	0.926427
-0.197742	0.833454
-0.228261	0.811939
-0.28006	0.738237
-0.46608	0.654966
-0.696747	0.555311
-0.767075	0.346177
-0.810287	0.165951
-0.864105	0.0369679
-0.858262	-0.0609323
-0.683915	-0.192978
-0.638617	-0.030932
-0.526276	0.229806
-0.264214	0.229728
-0.100972	0.347159
-0.239432	0.522316
-0.174799	0.651858
-0.280583	0.517713
-0.015917	0.506934
-0.108162	0.504754
-0.229481	0.383614
-0.277897	0.187778
-0.502747	0.185824
-0.659353	0.0158692
-0.698086	-0.147247
-0.635566	-0.226515
-0.768177	-0.331272
-0.671433	0.0202771
-0.404879	0.233313
-0.360303	-0.35257
-0.401588	-0.374489
-0.719093	-0.276928
-0.870653	-0.253569
-0.747887	-0.298376
-0.822479	-0.164451
-0.854449	-0.0447189
-0.564945	-0.131596
-0.220741	-0.12118
-0.516309	-0.355198
-0.456247	-0.395491
-0.434859	-0.195355
-0.561272	-0.0516946
-0.616838	-0.0898091
-0.514696	-0.126269
0.234916	-0.572099
0.390795	-0.772294
0.096873	-0.41018
-0.458266	-0.017686
-0.57396	0.404447
-0.446292	0.341606
-0.798809	0.0682366
-0.575944	-0.0058667
-0.444047	-0.0683158
-0.671279	-0.206701
-0.917625	-0.271199
-0.613725	-0.217122
-0.553759	-0.293803
-0.142541	0.142624
0.0647235	0.501284
0.200598	0.54829
0.126517	0.573007
0.0996806	0.55493
0.245626	0.573635
0.25626	0.514325
0.41101	0.23894
0.05728	-0.0695647
-0.0192855	-0.225241
0.105518	-0.463672
-0.00153604	-0.284925
-0.0354668	-0.324947
-0.109532	-0.322905
-0.140607	-0.385467
-0.179035	-0.197305
-0.500971	0.00712938
-0.384706	0.497925
-0.372361	0.692876
-0.232341	0.735282
-0.25691	0.774016
-0.31273	0.858779
-0.467079	0.939398
-0.510508	0.658902
-0.689008	0.771321
-0.701301	0.567566
-0.690565	0.446092
-0.0423688	0.324731
-0.0822709	0.328769
0.00283604	0.192325
0.130081	0.207605
0.0707346	0.193324
0.0300062	0.412083
0.010557	0.335665
-0.144083	0.473474
-0.306554	0.17953
-0.496362	0.218903
-0.960454	0.406998
-0.72702	0.338281
-0.696365	0.390063
-0.569211	0.369086
-0.369413	0.36465
-0.213188	0.437674
-0.159784	0.54888
-0.0679358	0.068753
-0.313282	-0.112756
-0.371569	-0.297081
-0.206951	0.0160308
-0.22168	-0.155888
-0.140725	-0.372521
-0.244666	-0.150862
-0.281608	-0.0902789
-0.208168	-0.031435
-0.121321	0.0413422
-0.153706	0.0703889
-0.186808	0.0673552
-0.215692	0.198683
-0.3643	0.263145
-0.0776409	-0.132283
-0.353676	-0.388148
-0.259385	-0.305781
-0.175573	-0.493318
-0.403498	-0.241537
0.053495	-0.390696
-0.00949336	-0.352738
-0.168679	-0.228922
0.00578875	-0.250887
-0.0334886	-0.217165
-0.00133642	-0.181823
0.0266238	-0.499189
0.141033	-0.346581
0.135678	-0.361491
0.057465	-0.510717
0.0259752	-0.59878
-0.00119728	-0.414721
-0.219698	-0.424246
-0.393059	-0.369574
-0.524827	-0.381249
-0.759161	-0.110227
-0.626936	-0.163713
-0.637319	-0.16291
-0.699977	-0.283906
-0.829102	0.0247788
-0.640301	-0.0694264
-0.75579	-0.0452357
-0.722427	-0.181945
-0.732501	-0.158152
-0.786096	-0.161578
-0.784829	-0.238338
-1.0258	-0.322431
-0.912645	-0.519979
-0.900135	-0.514656
-0.827289	-0.339121
-0.966972	-0.35927
-0.897692	-0.232475
-1.04207	-0.305615
-1.085	-0.376917
-0.934055	-0.197013
-1.02023	-0.345394
-0.947413	-0.404315
-0.868767	-0.264864
-1.01524	-0.170624
-0.814406	-0.00538696
-1.06345	-0.345117
-0.932923	-0.289892
-0.402166	-0.135922
-0.644744	-0.059893
-0.235503	0.0425412
-0.245973	0.176708
-0.353107	0.0593862
-0.464872	-0.112535
-0.504087	-0.137302
0.530051	0.882926
0.513101	0.892099
0.359178	0.962235
0.515427	0.958107
0.253292	0.922907
0.354354	0.917205
0.376328	0.948589
0.31805	0.926515
0.230154	0.997694
0.417599	0.893639
-0.238478	0.566242
-0.20612	0.182192
-0.521607	-0.129649
-0.634438	0.0457373
-0.598249	-0.0852404
-0.539089	0.0215081
-0.844214	0.176668
-0.537493	0.215385
0.209816	0.679469
-0.2828	0.973129
-0.355631	0.714982
-0.360615	0.518766
-0.548543	0.444816
-0.602966	0.318152
-0.787698	0.404483
-0.850785	0.479156
-0.862167	0.612741
-0.695881	0.682958
-0.510384	0.771295
-0.210964	0.911402
0.128522	1.01775
0.345172	0.910918
-0.0702816	0.739574
-0.275846	0.511142
-0.211073	0.598764
-0.138174	0.678116
-0.147531	0.692532
-0.0148355	0.78407
0.0364676	0.84676
-0.0480895	0.859533
-0.277794	0.5932
-0.42544	0.318824
-0.575356	0.219848
-0.441559	0.0138388
-0.678423	0.0657257
-0.503218	-0.114887
-0.466831	-0.201003
-0.379145	-0.215865
-0.167363	-0.125319
-0.274046	0.260667
-0.50736	0.685221
-0.244744	0.380007
0.0669828	0.205419
-0.330623	0.110572
-0.556815	-0.185744
-0.538946	-0.219649
-0.507167	-0.1669
-0.64989	-0.153475
-0.769311	-0.0899003
-0.738699	-0.146471
-0.703659	-0.0467772
-0.521411	0.00580192
-0.413122	-0.0640916
-0.405689	-0.169998
-0.552009	-0.420332
-0.703324	-0.273552
-0.736544	-0.149384
-0.539055	-0.0901952
-0.276194	0.0553958
-0.201408	0.359074
-0.388629	0.672759
-0.300663	0.632476
-0.326293	0.578983
-0.595404	0.664604
-0.739354	0.627963
-0.663413	0.439419
-0.675277	0.489641
-0.862717	0.515209
-0.848854	0.461333
-0.811308	0.431883
-0.599972	0.229736
-0.697823	0.144852
-0.728586	0.340262
-0.669156	0.5371
-0.542291	0.721048
-0.387223	0.77702
-0.31972	0.652925
-0.2968	0.576056
-0.290097	0.52824
0.0465103	0.369523
0.128773	0.315426
0.237324	0.360894
0.279162	0.252377
0.242935	0.234572
0.333837	0.247142
0.2579	-0.0897937
0.0877619	-0.222551
-0.158127	-0.423712
-0.215902	-0.283509
-0.0676453	-0.126302
0.113029	0.322159
-0.0872842	-0.178059
-0.105089	-0.280026
-0.173915	-0.351382
-0.362707	-0.229815
-0.506901	-0.00464007
-0.753657	0.367883
-0.718548	0.428956
-0.751914	0.486215
-0.764032	0.472053
-0.832858	0.455581
-0.984981	0.499062
-1.01447	0.408281
-0.925166	0.222483
-0.976749	0.177865
-1.0369	0.0484337
-0.937085	-0.0861847
-0.481523	-0.0173975
-0.0613139	0.0737075
0.199128	0.231913
0.287725	0.0157844
0.241687	-0.324476
0.108246	-0.552775
-0.0301991	-0.351412
-0.427141	-0.5457
-0.472831	-0.454165
-0.588805	-0.211617
-0.567585	-0.107104
-0.425062	-0.458345
-0.492563	-0.350679
-0.250631	-0.183106
-0.110913	-0.463488
-0.377496	-0.564073
-0.519166	-0.216184
-0.564168	0.0129172
-0.808524	0.250468
-0.889189	0.303817
-0.809469	0.320219
-0.692952	0.254167
-0.650456	0.302285
-0.499898	0.389209
-0.191509	0.340157
0.0225852	0.358883
0.00318972	0.314562
-0.247212	0.336297
-0.280323	-0.0472336
-0.65774	0.065382
-0.79157	-0.0766704
-0.920572	-0.126711
-0.451128	-0.130256
-0.429535	-0.101254
-0.853866	0.374503
-0.475655	0.37115
-0.350527	0.646485
-0.470797	0.370116
-0.495642	0.36851
-0.585156	0.265416
-0.723454	0.229009
-0.804719	0.242769
-0.871794	0.282205
-0.840495	0.353809
-0.731496	0.328122
-0.717948	0.255367
-0.76053	0.332538
-0.690177	0.346661
-0.72132	0.336662
-0.510478	0.185582
-0.193812	0.293973
-0.170913	0.260219
-0.306008	0.223878
-0.173614	0.281187
-0.227916	0.150279
-0.373449	0.304069
-0.294095	0.460272
-0.269234	0.979714
0.287894	0.902254
0.368667	0.894388
0.201209	0.831206
0.240644	0.64679
0.267169	0.790589
0.218136	0.821693
0.165349	0.439427
0.129453	0.451502
0.216434	0.157286
0.140419	0.0115203
-0.0912087	-0.00684423
0.193537	-0.164424
0.30715	-0.240223
0.27254	-0.373778
-0.0168773	-0.16257
-0.0808088	-0.0972651
-0.284573	-0.109851
-0.242061	-0.302476
-0.136604	-0.146382
-0.181016	-0.13224
0.0352254	-0.260885
0.0933788	-0.272719
-0.00814193	-0.298809
-0.127354	-0.0308811
-0.230449	-0.0871298
-0.16086	-0.210226
-0.51146	-0.144058
-0.238522	-0.203303
-0.498927	-0.166381
-0.496091	-0.219296
-0.71744	-0.209017
-0.649821	-0.276758
-0.684108	-0.176158
-0.498775	-0.0393022
-0.560516	0.0209307
-0.688072	-0.234522
-0.797175	-0.271868
-0.614557	-0.0845646
-0.702749	-0.185432
-0.591442	-0.211061
-0.830618	-0.220482
-0.768798	-0.240274
-0.715559	-0.40413
-0.907569	-0.491962
-0.898452	-0.412326
-0.753375	-0.322731
-0.499552	-0.333979
-0.384002	-0.390382
-0.339123	-0.33134
-0.264088	-0.215425
-0.387865	-0.346643
-0.432045	-0.200368
-0.460505	-0.259331
-0.281413	-0.162962
-0.201006	0.0802841
-0.328173	0.763789
-0.435812	0.777085
-0.53074	0.878153
-0.450992	0.908634
-0.373362	0.929964
-0.442729	0.942134
-0.0718826	0.743943
0.0193749	0.572962
0.0567733	0.583935
-0.100997	0.099028
-0.194422	-0.0198203
-0.309346	-0.108264
-0.271101	-0.234313
-0.447514	-0.0665598
-0.441866	-0.13437
-0.557653	-0.369279
-1.00375	-0.35603
-0.487425	-0.174882
-0.534417	0.141772
-0.567012	-0.0219318
-0.718817	-0.196321
-0.882543	-0.220911
-1.00126	-0.19144
-0.873285	-0.350928
-0.922974	-0.358783
-0.910441	-0.380575
-0.94068	-0.399692
-1.02827	-0.373045
-1.07983	-0.302751
-1.12732	-0.25394
-1.118	-0.268724
-1.10646	-0.217947
-1.0691	-0.185501
-0.981222	-0.0774667
-0.848289	0.0375402
-0.664215	0.0467235
-0.602493	0.113855
-0.684255	0.412695
-0.482371	0.435282
-0.267912	0.314359
-0.201788	0.215241
-0.217398	0.343463
-0.0689172	0.351083
0.138677	0.176072
0.128081	0.364883
-0.113315	0.407956
-0.275288	0.34791
-0.120157	-0.135255
0.016186	-0.271362
0.0616433	-0.121266
0.0820793	-0.336972
0.156043	-0.335936
0.00563114	-0.324274
-0.351846	-0.137349
-0.431541	0.0916799
-0.538032	-0.195466
-0.360088	-0.0696403
-0.35873	0.373564
-0.492547	-0.0788204
-0.634859	-0.302082
-0.554576	-0.305706
-0.608068	-0.249806
-0.702266	-0.218618
-0.98468	-0.132422
-0.899331	-0.26736
-0.77179	-0.294917
-0.791875	-0.292638
-0.537808	-0.0257469
-0.673339	0.155184
0.0211375	0.108163
-0.160174	0.346136
-0.190465	0.482373
-0.0875326	0.378405
-0.0644244	0.372004
-0.388657	0.519018
-0.74556	0.628258
-0.597278	0.607505
-0.658841	0.662643
-0.583014	0.589758
-0.566708	0.615926
-0.397125	0.421056
-0.435326	0.326127
-0.460135	0.431741
-0.491305	0.342368
-0.717513	0.52192
-0.585783	0.434871
-0.687482	0.344148
-0.836749	0.429554
-0.806566	0.42516
-0.733971	0.159985
-0.74283	0.144879
-0.736548	0.187572
-0.74316	0.22655
-0.700898	0.250741
-0.738463	0.287059
-0.721575	0.332536
-0.688999	0.32983
-0.72268	0.33581
-0.722031	0.335491
-0.689447	0.31627
-0.733074	0.331121
-0.720876	0.351183
-0.669831	0.26174
-0.28796	0.0697457
-0.00322483	0.120179
-0.151754	0.521855
0.0318715	0.234947
0.0772862	0.000754505
-0.120851	-0.0833591
-0.334965	-0.0956649
-0.386758	-0.0701945
-0.275855	-0.28896
-0.37534	-0.355593
-0.365062	-0.2609
-0.464142	-0.391527
-0.485025	-0.437491
-0.522138	-0.372056
-0.165272	-0.27839
-0.0867695	-0.108462
-0.72701	-0.264613
-1.10489	-0.182146
-0.78274	-0.290489
-0.85832	-0.202762
-0.774427	-0.256473
-0.758617	-0.295129
-0.674318	-0.316342
-0.801767	-0.381439
-0.855853	-0.270366
-0.779087	0.406153
-0.793709	0.743646
-0.863277	0.238467
-0.493216	0.403954
-0.169942	0.50759
-0.554667	0.385619
-0.295612	0.152822
0.111151	0.227102
0.338089	0.28537
0.277163	0.296237
0.128498	0.149758
0.102627	0.271034
0.277308	0.192106
0.353642	0.25189
0.47735	0.323727
0.316262	0.263996
0.229106	0.305948
-0.0971028	0.276744
-0.3199	0.454369
-0.444115	0.67208
-0.391426	0.749605
-0.315175	0.791671
-0.303508	0.653027
-0.163553	0.532671
-0.0927107	0.549603
-0.000563216	0.364178
0.0190617	0.188207
-0.0894666	0.421187
-0.0969736	0.22441
-0.193503	0.322211
-0.120065	0.243807
-0.15135	0.353731
-0.0908412	0.404075
-0.369219	0.293443
-0.578928	0.143818
-0.538523	0.298682
-0.339175	0.575799
-0.220836	0.828449
-0.226311	0.956806
-0.194642	0.980308
-0.0770273	1.00329
-0.0737574	1.01635
-0.134779	1.01382
-0.106386	1.0022
-0.0386578	1.00006
-0.0323484	1.04889
-0.0449406	1.0016
-0.113571	0.968867
-0.177453	0.863456
-0.281367	0.786508
-0.399241	0.735236
-0.491672	0.604701
-0.561014	0.423123
-0.527326	0.28754
-0.493996	0.151194
-0.578376	0.0857659
-0.695604	0.0703594
-0.390343	-0.0104977
-0.524181	0.000651034
-0.456233	-0.038322
-0.506049	-0.153709
-0.522693	0.0406757
-0.342712	0.113836
-0.398361	0.0496195
-0.288738	0.197223
-0.426925	-0.141583
-0.709998	0.0414107
-0.773824	-0.217234
-0.587171	-0.35068
-0.5939	-0.280649
-0.441114	-0.271744
-0.480005	-0.326485
-0.452235	-0.278445
-0.464373	-0.375924
-0.343615	-0.0916204
-0.0574827	-0.0190788
-0.159343	-0.367766
-0.176298	-0.547412
-0.241185	-0.580362
-0.423143	-0.718466
-0.507253	-0.588294
-0.644378	-0.261158
-0.550349	-0.239385
-0.636792	-0.233294
-0.618374	-0.394582
-0.636453	-0.267804
-0.642146	-0.242052
-0.680908	-0.169031
-0.788906	-0.189417
-0.806451	-0.160469
-1.11211	-0.163292
-1.07127	-0.0142932
-0.781129	-0.121262
-0.995414	-0.066384
-0.975926	-0.10023
-0.947341	0.0404424
-0.980853	0.0798605
-1.09894	0.0474894
-0.622051	0.47506
-0.697798	0.337908
-0.721228	0.300234
-0.542778	0.331925
-0.568482	0.412236
-0.534817	0.497879
-0.506036	0.617992
-0.490704	0.725347
-0.372883	0.686863
-0.313771	0.627447
-0.41523	0.646861
-0.552339	0.576315
-0.635963	0.499182
-0.736833	0.39307
-0.78027	0.311855
-0.783989	0.229004
-0.62086	0.118415
-0.556587	0.125665
-0.720329	0.504787
-0.456409	0.421566
-0.462051	0.484679
-0.43404	0.577607
-0.272666	0.430316
-0.263183	0.511367
-0.171333	0.0429365
-0.502159	-0.167703
-0.775213	-0.221928
-0.883488	-0.156876
-0.823978	-0.199729
-0.623715	-0.096976
-0.690699	-0.127713
-0.880738	-0.0535826
-0.95926	-0.0812895
-0.979437	-0.122118
-0.919613	-0.176634
-0.856447	-0.237172
-0.846022	-0.263434
-0.810341	-0.21956
-0.768092	0.238758
-0.580138	0.506065
-0.256906	0.374635
-0.215318	0.470182
-0.059596	0.511001
0.0360925	0.514427
-0.184578	0.525874
0.0262705	0.220037
-0.232174	-0.0311594
-0.014234	-0.233508
-0.276993	-0.0947971
-0.540896	-0.0021368
-0.231492	-0.113928
-0.379744	-0.149287
-0.311804	-0.207198
-0.657781	-0.134101
-0.687704	0.0731783
-0.556364	0.0597597
-0.619534	-0.1937
-0.500714	-0.398372
-0.708909	-0.289856
-0.735845	-0.322996
-0.704733	-0.346215
-0.647895	-0.35961
-0.622026	-0.316358
-0.571961	-0.235118
-0.425812	-0.201793
-0.32689	-0.0292431
-0.101964	-0.119989
-0.30416	-0.125537
-0.449187	-0.013933
-0.407708	-0.422134
-0.543016	-0.317917
-0.494802	-0.378527
-0.393754	0.0249036
-0.21185	-0.0484246
-0.195663	-0.290353
-0.460593	-0.236373
-0.510549	-0.351608
-0.509189	-0.28029
-0.575038	-0.185924
-0.561164	-0.173066
-0.513768	0.0193144
-0.154736	0.140157
0.0580406	0.139901
-0.0124425	0.0749508
-0.18004	0.151016
0.0899587	0.00391034
-0.00956299	-0.0917134
0.434113	-0.212684
0.390673	0.114504
0.402524	0.0750065
0.319894	0.217894
0.165521	0.117765
-0.206693	0.18002
-0.258898	0.114515
-0.223491	0.0871276
-0.18358	0.0772771
-0.498504	0.306899
-0.773917	0.355682
-0.71774	0.378031
-0.856167	0.519928
-0.915152	0.581766
-0.867325	0.549922
-0.602688	0.205138
-0.335991	-0.192553
-0.486257	-0.319149
-0.418898	-0.295448
-0.571428	-0.118943
-0.445068	-0.0437096
-0.650495	0.72335
-0.59594	0.725321
-0.552053	0.857409
-0.446884	0.692776
-0.135308	0.80355
0.0596551	0.49875
-0.0200735	0.209052
-0.364298	0.11418
-0.334559	-0.217885
-0.645226	-0.106375
-0.631965	-0.154071
-0.243811	-0.20816
0.146298	0.027425
-0.0825128	-0.0348407
-0.00550677	-0.17326
-0.0761088	-0.0611796
0.049581	-0.058858
0.143258	-0.0195425
0.290142	-0.0600664
-0.154866	0.219788
-0.389344	0.21425
-0.505473	0.0189897
-0.712074	-0.0881552
-0.655187	-0.213917
-0.839124	-0.277245
-0.67001	-0.0517795
0.0262317	-0.107191
-0.286103	0.0453536
-0.253929	-0.234805
-0.303365	-0.277367
-0.184865	-0.35427
-0.241359	-0.144892
-0.504534	0.14979
-0.538874	0.218672
-0.53121	0.252683
-0.492806	0.235297
-0.51856	0.17271
-0.513752	0.275585
-0.552764	0.286017
-0.443622	0.233325
-0.306421	0.274158
-0.220279	0.274922
-0.25159	0.229766
-0.218187	0.00806275
-0.0908064	0.390958
-0.15786	0.637309
-0.280153	0.707282
-0.404056	0.79765
-0.384571	0.675419
-0.0940377	0.99999
-0.110174	1.09146
-0.137922	1.12907
-0.230477	1.22846
-0.00640718	1.03934
-0.0867207	0.982632
-0.126766	1.06463
-0.217579	1.0487
-0.325486	1.14097
-0.347411	1.0013
-0.355863	0.839071
-0.53885	0.639382
-0.325776	0.662677
-0.41866	0.364879
-0.341743	0.112664
-0.484848	-0.133341
-0.438725	-0.146141
-0.513238	-0.272922
-0.432199	-0.302694
-0.350833	-0.363133
-0.502378	-0.411144
-0.464667	-0.267566
-0.565021	-0.36316
-0.595089	-0.330561
-0.499928	-0.235747
-0.773189	-0.581832
-0.725997	-0.471058
-0.690503	-0.396693
-0.778811	-0.327898
-0.854233	-0.0788772
-0.729401	-0.369628
-0.812451	-0.36939
-0.819208	-0.398941
-0.791732	-0.294098
-0.808957	-0.134064
-0.967837	-0.36445
-0.888239	-0.350015
-0.776899	-0.386521
-0.82705	-0.0942962
-1.11369	0.0235721
-0.901056	-0.291624
-0.733709	-0.376456
-0.788501	-0.370975
-0.725984	-0.327876
-0.668353	-0.187664
-0.74256	-0.168741
-0.748136	-0.208077
-0.76602	-0.279701
-0.556133	-0.205474
-0.871142	-0.166396
-0.59735	-0.103233
-0.250005	0.107504
0.0506515	0.300894
-0.263077	0.222461
-0.561718	0.291794
-0.755568	0.34715
-0.455695	0.369851
-0.578978	0.0892353
-0.807187	-0.0691737
-0.698396	-0.116905
-0.531392	-0.225254
-0.398481	-0.246658
-0.36727	-0.181471
-0.169976	-0.0624905
-0.0848471	0.13466
0.264091	0.207851
0.0549165	-0.0562417
0.194841	-0.395432
-0.0247075	-0.539884
-0.330703	-0.554311
-0.341672	-0.63132
-0.428096	-0.403499
-0.341865	-0.383459
-0.186461	-0.0698836
-0.306556	-0.12889
-0.313473	-0.250279
-0.383858	-0.192353
-0.609431	-0.0903916
-0.731304	-0.180444
-0.745608	-0.177585
-0.395046	-0.216002
-0.390522	0.0586911
-0.220298	0.0755908
-0.119386	0.0541257
0.00839833	-0.127133
0.138722	-0.153066
-0.0116688	0.198775
-0.0181573	0.11326
-0.224586	0.0799958
-0.812211	0.190478
-0.67685	0.0713221
-0.238988	0.282582
-0.339833	0.045795
-0.125901	-0.337056
-0.155364	-0.303612
-0.179145	-0.333986
-0.178506	-0.331413
-0.323199	-0.241415
-0.321835	-0.225965
-0.447633	-0.226924
-0.39051	-0.290927
-0.313367	-0.360632
-0.255304	-0.370473
-0.414265	-0.44538
-0.423375	-0.573146
-0.506839	-0.444689
-0.559278	-0.414886
-0.96516	-0.0919527
-0.784278	0.00203718
-0.715631	0.0605566
-0.582719	0.136291
-0.412292	0.300334
0.114471	0.0442799
0.27376	0.0655939
-0.0416036	0.0310638
0.031221	-0.143795
-0.120617	-0.353938
-0.479099	-0.459538
-0.607571	-0.422431
-0.550945	-0.216763
-0.441246	-0.131039
-0.096732	0.205158
0.113827	0.0243997
0.126273	0.228339
0.0486529	0.180304
-0.174258	0.1066
-0.245978	-0.0235133
0.0681537	0.00686755
0.180701	0.218248
0.228036	0.163016
0.454866	-0.0174165
-0.0420582	-0.0328644
-0.555935	0.0669626
-0.502763	0.122722
-0.393054	0.0251109
-0.456055	-0.317749
-0.840997	-0.255166
-0.739479	-0.263728
-0.48839	-0.286803
-0.871663	-0.134537
-0.418176	0.178442
-0.652911	-0.0541574
-0.581229	-0.11214
-0.664997	-0.0436894
-0.670989	-0.0267151
-0.670595	0.0761031
-0.679908	0.309186
-0.464897	0.345857
-0.359583	0.482719
-0.252685	0.479408
-0.557774	0.321809
-0.385288	0.432844
-0.361283	0.234192
-0.637404	0.017731
-0.669856	-0.0700436
-0.285219	-0.166262
-0.336853	-0.106695
-0.24403	-0.0894104
0.107106	-0.0763546
-0.379068	0.161596
-0.0969491	-0.0168797
-0.141837	0.0683715
-0.137212	-0.0612696
-0.27116	-0.162987
-0.358059	-0.131465
-0.296193	-0.239884
-0.26045	-0.32138
-0.145745	-0.285815
-0.0989074	-0.151438
-0.0441446	0.165076
-0.121125	0.0690735
-0.0793658	0.151277
-0.490918	-0.20844
-0.495297	-0.206761
-0.36717	-0.0634837
-0.785229	-0.170116
-0.775914	-0.0716689
-0.457108	0.342023
-0.168115	0.137138
-0.846746	0.334618
-1.05003	0.339752
-0.272119	0.596359
-0.924405	0.479738
-0.812694	0.317185
-0.854796	0.242214
-0.723918	0.290563
-0.882821	0.3333
-0.869351	0.3464
-0.941025	0.344617
-1.02522	0.297744
-1.06886	0.411459
-1.08838	0.376116
-0.97164	0.339897
-0.913589	0.290823
-0.753719	0.314985
-0.758373	0.465283
-0.617993	0.456429
-0.55391	0.390421
-0.574977	0.285273
-0.520864	0.215138
-0.625063	0.40038
-0.585309	0.834967
-0.337591	1.16469
-0.18739	1.21766
-0.0302476	1.02642
0.1505	1.02689
0.0396073	0.948354
0.0182114	0.972602
0.0066007	0.934858
-0.000657501	0.773295
0.0737868	0.526978
-0.104112	0.348325
0.0359886	0.0762506
-0.068061	-0.102873
-0.0623115	-0.262806
-0.139185	-0.258724
-0.00557743	-0.56015
0.0776718	-0.490305
0.146905	-0.167909
-0.241006	-0.216491
-0.124546	-0.395389
-0.221915	-0.437003
-0.234446	-0.38695
-0.0796568	-0.442482
-0.294598	-0.0336251
-0.283796	0.0997301
-0.284169	-0.266012
-0.138012	-0.42523
-0.344628	-0.297057
-0.479753	-0.44286
-0.386471	-0.233847
-0.427327	-0.596192
-0.650134	-0.488585
-0.563197	-0.268051
-0.732915	-0.38703
-0.686868	-0.33293
-0.762413	-0.379611
-0.815758	-0.297556
-1.00714	-0.257624
-0.442016	-0.0822162
-0.725072	0.0265796
-0.784871	0.0289827
-0.675943	0.116165
-0.539512	0.29841
-0.581137	0.372674
-0.48922	0.345169
-0.332243	0.435134
-0.130797	0.501914
0.20037	0.254528
-0.143744	0.362572
-1.15921	0.0164093
-0.789921	0.236228
-0.489402	-0.206783
-0.0666662	-0.047797
0.109647	-0.132705
-0.214634	-0.379123
-0.465352	-0.342708
-0.583745	-0.201404
-0.394152	-0.329646
-0.586908	-0.254144
-0.555597	-0.12589
-0.414321	-0.148563
-0.454129	-0.0401514
-0.502178	0.311969
-0.681033	0.686313
-0.606966	0.533913
-0.557392	0.502155
-0.629968	0.482964
-0.564881	0.257689
-0.449069	0.0895086
-0.178605	-0.267055
-0.205038	-0.339174
-0.091616	-0.313199
-0.0208268	-0.28402
0.0679388	-0.21599
0.130748	-0.104185
0.250163	-0.0839693
0.292448	-0.0390012
0.311149	0.0930516
0.372084	0.130274
0.346986	0.178807
0.385341	0.117085
0.362644	0.0475044
0.291691	-0.00844296
0.343116	-0.0329129
0.219669	-0.0406641
0.21818	-0.0771402
0.101452	-0.038113
0.0596527	-0.143903
0.0659496	-0.262503
0.0246346	-0.36544
-0.0681108	-0.411021
-0.16844	-0.418794
-0.234659	-0.408464
-0.278973	-0.364197
-0.204718	-0.435965
-0.483302	-0.169609
-0.548279	0.32013
-0.755132	0.596098
-0.633186	0.540086
-0.69289	0.670955
-0.583115	0.726848
-0.537	0.74402
-0.343136	0.61885
-0.233884	0.614305
-0.0878843	0.64874
0.0169804	0.426844
-0.430985	0.303533
-0.757211	0.107994
-0.345496	0.11239
-0.523286	0.0903049
-0.249328	-0.0774123
0.0946789	0.318582
-0.147352	0.740523
0.170271	0.882425
-0.127106	0.228658
-0.558571	0.143972
-0.668829	0.0503915
-0.578177	-0.0956486
-0.644953	-0.242127
-0.717635	-0.257975
-0.615498	-0.199429
-0.494098	-0.211202
-0.80774	0.485521
-0.651769	0.302627
-0.806442	0.419881
-0.814795	0.379673
-0.883725	0.215032
-0.460823	-0.392288
-0.76077	-0.499335
-0.870404	-0.373164
-0.743212	-0.213791
-0.520271	-0.232351
-0.276048	-0.225625
-0.0624565	0.141098
-0.100816	0.381252
-0.222067	0.217015
-0.304307	0.0332995
-0.409776	0.022599
-1.05997	0.0226997
-1.07817	-0.0369358
-0.585358	0.208781
-0.481411	0.404173
-0.582434	0.168114
-0.499932	-0.107852
-0.879626	0.114826
-0.906268	0.152412
-0.346872	0.135268
-0.113406	0.33252
-0.131517	0.225734
-0.194117	0.321962
0.0300492	0.223774
0.247353	0.152618
0.118896	0.361463
0.111518	0.311882
-0.00916239	0.296597
0.0973821	0.197169
-0.236131	0.0853324
-0.0862926	0.167457
-0.014512	0.0796633
0.232579	0.612034
0.0621371	0.831924
-0.146553	0.758712
-0.644418	0.698775
-0.959539	0.484582
-0.912703	0.275797
-0.817388	0.15208
-0.065823	0.131511
-0.0926194	0.240501
-0.0612912	0.210799
-0.0295514	0.0947267
-0.0327288	0.0522484
0.28311	-0.0666426
0.235593	0.135381
0.326076	-0.0784272
0.164251	0.130205
0.0938213	0.27609
0.0956016	0.0615002
-0.1474	0.0305688
-0.380898	-0.0148096
-0.516276	-0.135091
-0.773989	-0.194512
-0.733799	-0.153369
-0.660082	-0.227172
-0.805655	-0.251863
-0.789883	-0.236877
-0.619067	-0.300214
-0.684462	-0.394598
-0.535231	-0.68147
-0.507085	-0.576269
-0.339556	-0.526862
-0.422957	-0.447631
-0.59956	-0.309463
-0.659829	-0.166571
-0.726145	-0.149211
-0.696001	-0.304245
-0.861594	-0.201639
-0.764459	-0.280579
-0.740937	-0.308005
-0.737881	-0.25591
-0.678456	-0.301651
-0.792946	-0.0919208
-0.875431	-0.187089
-0.785167	-0.207759
-0.976436	-0.260557
-0.890464	-0.225837
-0.701959	-0.380658
-0.814252	-0.210739
-0.8926	-0.334111
-0.783172	-0.230421
-0.694066	-0.24832
-0.562476	-0.0522517
-0.384722	0.0357685
-0.435158	-0.00732048
-0.684488	-0.232772
-0.909545	-0.22807
-0.940509	-0.284346
-0.861692	-0.391834
-0.848524	-0.344269
-0.657813	-0.407173
-0.515088	-0.377513
-0.352696	-0.279741
-0.137879	-0.138186
0.0355297	-0.04191
0.17879	0.0161755
0.180766	0.0671673
0.35313	0.0992269
0.31692	0.0927999
0.371081	0.0629781
0.286731	0.0253147
0.316624	0.0874232
0.343227	-0.0204336
0.30036	-0.0176208
0.139911	-0.0480076
-0.0338242	-0.0339738
-0.221933	-0.00263543
-0.417744	0.167505
-0.477322	0.381139
-0.460248	0.60288
-0.4174	0.71969
-0.370904	0.76119
-0.373043	0.819241
-0.408635	0.745431
-0.496133	0.67737
-0.639142	0.591027
-0.811989	0.50286
-1.0309	0.47482
-1.09246	0.330369
-0.907844	0.344488
-0.658879	0.379283
-0.306974	0.18452
-0.518319	0.209052
-0.349598	0.494965
-0.370368	0.520753
-0.219584	0.647873
-0.352483	0.585208
-0.573575	0.550493
-0.645674	0.597104
-0.502523	-0.0807415
-0.46135	-0.345466
-0.471318	-0.408711
-0.473124	-0.423529
-0.476546	-0.441657
-0.415732	-0.451377
-0.430265	-0.432318
-0.385507	-0.392575
-0.410166	-0.312097
-0.371027	-0.272723
-0.251139	-0.277427
-0.0616943	-0.258468
0.145148	-0.122862
0.168809	0.21215
0.125526	0.269934
0.484778	-0.118532
0.38641	-0.346342
0.273253	-0.278339
0.019517	-0.0185028
-0.167818	-0.0809569
-0.451697	-0.00428099
-0.522007	-0.127541
-0.430323	0.224575
-0.58215	0.0779265
-0.541407	-0.0175298
-0.128727	0.289828
-0.330829	0.334334
-0.379147	0.462697
-0.554159	0.61145
-0.595855	0.618932
-0.538002	0.636551
-0.510446	0.604911
-0.432997	0.487757
-0.284488	0.425114
-0.0192186	0.506952
0.00687613	0.160612
-0.297056	0.199427
-0.480799	0.0525926
-0.511326	-0.100568
-0.255934	0.126832
-0.317366	-0.176693
0.156697	-0.325953
0.113007	-0.3629
0.0901698	-0.285805
0.116585	-0.122036
0.148341	0.162102
0.428575	-0.132655
0.231722	-0.101674
0.0720227	-0.171985
-0.0399656	-0.347276
-0.334636	-0.358399
-0.48	-0.299132
-0.785195	-0.0532571
-0.872074	-0.0338033
-0.643823	0.191416
-0.524872	0.155188
-0.624668	-0.0499318
-0.391547	-0.240274
-0.562712	-0.068181
-0.430888	0.0141051
-0.43541	0.18756
-0.270274	0.202348
-0.242622	0.068827
-0.310451	-0.0114647
-0.433503	-0.0550588
-0.668715	-0.199439
-0.756003	-0.192756
-0.5813	-0.170334
-0.827916	0.171489
-0.958863	0.0958522
-0.625953	0.276266
-0.767999	0.269563
-0.901171	0.274521
-0.739999	0.150498
-0.817833	0.245048
-0.653304	0.317053
-0.682926	0.416322
-0.499913	0.330524
-0.523119	0.546757
-0.599494	0.712935
-0.495379	0.537582
-0.365949	0.472032
-0.181625	0.400204
0.0157775	0.507075
0.254859	0.530157
0.550349	0.258767
0.235734	0.185794
0.287983	-0.139584
-0.12621	0.0805921
-0.118183	-0.356879
-0.484864	-0.312758
-0.517064	-0.130937
-0.528241	0.0246333
0.0885154	0.359791
-0.121168	0.251338
-0.123279	0.132522
-0.171099	-0.023004
-0.0588681	-0.300644
-0.0498034	-0.335771
-0.0994667	-0.208652
-0.032209	-0.203669
0.108595	-0.133974
0.0666073	0.099884
0.291899	0.263047
0.198564	0.163594
0.0174231	-0.299758
-0.179036	-0.403548
-0.000559446	-0.56549
0.0127775	-0.596089
-0.343234	-0.392173
-0.243746	-0.124277
-0.441381	0.029362
-0.84656	0.0519627
-0.729006	0.0826325
-1.15737	-0.110981
-0.684978	-0.223982
0.17211	0.188994
-0.000818315	0.341205
-0.0156209	0.494272
-0.00721586	0.294291
0.0746484	0.052895
0.0385932	-0.208437
-0.129893	-0.162428
-0.443789	-0.175152
-0.441908	-0.159744
-0.500502	-0.356312
-0.641482	-0.239413
-0.692267	-0.281174
-0.642067	-0.281632
-0.659177	-0.305536
-0.588212	-0.382603
-0.579674	-0.46411
-0.662587	-0.422891
-0.593704	-0.561502
-0.483111	-0.629599
-0.434943	-0.59509
-0.578807	-0.521333
-0.371988	-0.233059
-0.343852	0.0618843
-0.151692	0.262943
-0.276743	0.599044
-0.256192	0.668464
-0.269452	0.733605
-0.0754352	0.501741
0.119921	0.262285
-0.302228	0.258167
-0.325917	0.438629
-0.326757	0.664159
-0.358175	0.426513
-0.521558	0.405227
-0.643474	0.21522
-0.950081	-0.308355
-0.815005	-0.28394
-0.968953	-0.455553
-1.0289	-0.341938
-0.256746	0.234908
-0.0178784	0.412105
-0.165158	0.493085
0.0493696	0.44697
-0.0903796	0.378271
-0.10219	0.16683
-0.164021	0.141135
-0.556203	0.519643
-0.651705	0.452262
-0.561536	0.335982
-0.384019	0.20404
-0.475696	0.224621
-0.522451	-0.133729
-0.523066	-0.414948
-0.666629	-0.258857
-0.703698	-0.283862
-0.505084	-0.29561
-0.424386	0.0108083
-0.693498	0.11211
-0.632596	0.116779
-0.352358	0.13106
-0.117558	0.058177
-0.0967046	0.0602055
-0.276164	-0.0212532
-0.561732	-0.124894
-0.614782	-0.243407
-0.831142	-0.236472
-0.685539	-0.231921
-0.167984	-0.0827806
0.142366	-0.280667
-0.125805	-0.228684
-0.192837	-0.319287
-0.152574	-0.286561
-0.0496326	-0.18678
0.0094739	0.0683771
0.0305444	0.247871
0.529873	0.0638412
0.440995	-0.122129
0.304697	-0.307648
0.14087	-0.498623
-0.00408682	-0.36254
0.162869	-0.249146
0.150088	0.216046
0.191477	0.114424
0.237245	0.121303
0.23775	0.256054
0.235138	0.026397
0.264512	0.123219
0.0623304	0.277381
0.0455968	0.16154
-0.271137	-0.048413
-0.0875472	-0.015835
-0.218695	-0.0958136
-0.172896	-0.199504
-0.341355	-0.147735
-0.501542	0.0158458
-0.59957	0.168696
-0.347711	0.083403
-0.413906	0.159875
-0.678576	0.270967
-0.601871	0.33862
-0.0555715	0.199545
-0.0928789	0.123358
-0.133116	0.184503
-0.317443	0.206152
-0.472783	0.0622356
-0.505779	-0.143827
-0.463116	-0.0712923
-0.323879	0.123951
0.0311447	0.123255
0.172151	0.222038
0.165278	0.139458
0.281134	0.192906
-0.0477004	0.175577
-0.135322	0.114638
0.159671	0.0839341
0.132802	0.192233
-0.208409	0.275574
-0.226109	0.141053
-0.725258	0.0126607
-0.819782	-0.151836
-0.793495	-0.0299004
-0.472777	-0.128443
-0.33111	0.115095
-0.818369	0.120981
-1.02663	0.20008
-0.970092	0.218153
-1.07501	0.323129
-0.954026	0.303346
-0.925486	0.309115
-0.82728	0.307359
-0.78236	0.421176
-0.649617	0.679059
-0.420553	0.69778
-0.339045	0.661521
-0.126055	0.537952
0.0308477	0.465602
-0.201436	0.292275
-0.494484	0.0664532
-0.477035	0.122293
-0.337706	-0.0704701
-0.472138	-0.409611
-0.400575	-0.318774
-0.124727	0.0798477
0.0274044	0.0790591
-0.158366	0.233624
-0.228305	0.175375
-0.202976	-0.0549255
-0.363356	-0.272666
-0.461751	-0.260673
-0.645196	-0.0826234
-0.560391	-0.0483592
-0.498655	-0.0779788
-0.617272	-0.0224884
-0.602298	-0.099519
-0.655125	-0.0756846
-0.618673	-0.0495137
-0.663022	0.111633
-0.560903	0.360149
-0.366773	0.62818
-0.115005	0.803067
0.00963505	0.680072
-0.62599	0.679817
-0.572578	0.702484
-0.407291	0.70477
-0.378142	0.691233
-0.228391	0.680279
0.00948574	0.512621
-0.0846541	0.403195
-0.360344	0.121276
-0.444448	0.177022
-0.656199	-0.168116
-0.853303	-0.137261
-0.537919	0.0506533
-0.664196	-0.153094
-0.407028	-0.360511
-0.394066	-0.422885
-0.541631	-0.394272
-0.736128	-0.153358
-0.898536	0.169775
-0.527874	0.3053
-0.863358	0.414116
-0.987826	0.317723
-0.75782	0.162759
-0.440902	0.064679
-0.230805	0.0844452
-0.237482	0.0937099
-0.246411	0.182458
-0.273624	0.0862969
-0.230602	0.085102
-0.276896	0.0165393
-0.374024	-0.0828096
-0.444029	-0.16212
-0.468275	-0.288902
-0.483695	-0.351164
-0.64491	-0.261686
-0.703823	-0.202169
-0.780309	-0.150823
-0.841141	0.259697
-0.766726	0.603711
-0.834484	0.703642
-0.698025	0.642245
-0.474326	0.457932
-0.136226	0.457598
0.116409	0.691521
0.272038	0.884942
0.289026	0.953035
0.304173	1.05499
0.194473	1.03186
0.0563523	1.03673
-0.19332	0.948722
-0.489788	0.790305
-0.652411	0.497049
-0.800121	0.231706
-0.79413	-0.0605452
-0.731519	-0.248061
-0.72495	-0.363068
-0.779221	-0.283463
-0.789961	-0.00863257
-0.800133	0.165719
-0.503179	0.214165
-0.743706	0.242184
-0.623839	0.0903201
-0.526508	-0.158408
-0.42164	-0.306089
-0.35773	-0.333163
-0.157243	-0.337034
0.00308588	-0.274771
0.103563	-0.122818
0.0782187	0.0656673
-0.0665759	0.166369
-0.207829	0.288648
-0.29456	0.309629
-0.415169	0.243045
-0.587159	0.521194
-0.633986	0.639553
-0.615184	0.709385
-0.604315	0.660787
-0.573206	0.713445
-0.451334	0.637987
0.0899762	0.506005
0.29259	0.699121
0.206366	0.935881
0.00610719	1.06111
-0.210037	0.969168
-0.392357	0.855861
-0.506186	0.64982
-0.562312	0.481457
-0.572571	0.302803
-0.535714	0.178243
-0.300816	0.0702734
0.153902	0.00852177
0.134413	0.312527
0.000745613	0.249803
-0.143697	-0.0213596
-0.028584	-0.0445784
-0.141151	-0.268963
-0.366271	-0.315922
-0.454791	-0.369399
-0.48688	-0.256252
-0.502604	-0.175744
-0.606034	-0.167425
-0.613379	-0.108982
-0.607764	-0.0751861
-0.633714	0.042885
-0.151691	0.23558
-0.117362	0.578127
0.31056	0.560459
0.253276	0.470331
0.0943088	0.318661
-0.266136	0.198878
-0.205074	0.417487
-0.431931	0.442877
-0.57612	0.516353
-0.811422	0.734044
-0.868642	1.05925
-0.651074	1.07802
-0.586483	1.0358
-0.617407	1.05488
-0.561729	0.925704
-0.65717	0.806618
-0.809302	0.743965
-0.760968	0.430944
-0.715986	0.355961
-0.518005	0.18625
-0.32558	0.20819
-0.216905	-0.0557243
-0.10439	0.0483891
-0.263985	0.421218
-0.314685	0.28098
-0.588643	0.0334802
-0.530545	-0.0525255
-0.885945	-0.122109
-0.635991	0.0315053
-0.483975	0.22406
-0.54335	0.173825
-0.23291	0.677895
-0.167234	0.696072
0.0351384	0.86935
-0.334239	0.932611
-0.37996	0.879468
-0.545391	0.526488
-0.953798	0.0168282
-0.665575	0.204718
-1.0438	0.121552
-0.824618	-0.0484434
-0.627817	-0.242447
-0.771662	-0.157973
-0.878281	0.165416
-0.767915	-0.080786
-0.563956	-0.521738
-0.700256	-0.447514
-0.772109	-0.133145
-0.411164	-0.0732941
-0.387772	0.0245665
-0.236632	-0.158354
-0.231477	-0.161125
-0.453602	-0.379437
-0.42829	-0.35871
-0.757927	-0.528649
-0.716209	-0.512803
-0.754787	-0.501352
-0.503591	-0.295795
-0.507452	-0.252957
-0.698862	-0.114728
-0.958256	-0.360699
-0.623129	-0.284941
-0.721584	-0.206529
-0.831798	-0.249945
-0.854295	-0.29342
-0.693595	-0.1758
