0.471148	-15.6841
-1.41591	-2.56547
1.3808	-1.0112
-1.81285	-3.84097
1.54367	-5.55137
-5.03858	-4.60043
-2.704	-4.18833
-5.22339	-4.0432
1.59867	-2.79129
1.92126	-3.54389
-1.64524	-6.74126
3.13864	-3.15439
2.14454	-5.67327
0.486204	-4.87102
3.72099	-2.13266
-4.46097	-11.1684
-11.3033	-18.4807
-13.6351	-13.504
-8.82472	-20.788
-10.332	-18.7765
-8.76296	-18.0098
-7.03214	-19.2478
-7.49894	-17.504
-2.28544	-16.6878
0.902335	-10.7834
0.601547	-11.9298
0.832065	-12.3166
2.42881	-12.8052
3.11854	-12.7682
3.60638	-13.2471
6.27405	-14.2366
6.02649	-13.7229
6.85332	-14.0084
6.61571	-13.8585
7.84845	-14.6906
7.68564	-16.2945
4.41889	-9.42762
0.830556	-14.385
1.85644	-19.238
1.45708	-21.3499
1.14954	-23.373
1.58676	-25.7874
1.1765	-27.2776
-1.25172	-26.1266
-1.03969	-25.5269
-2.19277	-23.6552
-1.43703	-24.2312
2.13205	-12.6048
0.963528	-21.5079
1.42954	-25.2726
-0.129704	-24.6863
-2.32819	-23.9271
-3.30659	-23.0355
-3.60372	-23.1448
-2.99119	-22.1153
-2.82795	-22.62
-1.38481	-24.3212
4.864	-24.0602
4.16977	-17.1947
1.55786	-13.829
-0.47809	-15.6929
0.5433	-19.684
0.264806	-19.7194
0.154721	-20.4111
0.913064	-19.6936
3.15369	-21.1052
2.53927	-19.8629
3.42986	-15.4411
1.55963	-10.8564
0.49008	-12.8982
-0.515535	-11.6785
-1.28018	-12.6899
-0.614404	-14.0777
-1.06094	-15.7811
-0.940252	-18.5371
-3.05015	-17.5266
-3.12802	-17.4127
-5.18197	-9.67429
-5.54737	-8.83344
-2.83275	-9.25926
-1.43267	-14.7911
-2.96012	-14.3285
-3.28238	-16.4331
-3.06408	-18.0436
-4.71469	-18.3048
-4.84823	-19.2455
-2.61244	-21.3684
-1.27198	-22.1133
-0.373514	-20.0059
0.820447	-19.5401
-3.5487	-16.1721
-3.64813	-11.339
-2.88033	-13.0134
-6.21569	-10.1459
-6.66965	-7.37933
-2.87188	-7.86008
2.47602	-9.18815
1.87054	-1.38237
-3.54829	-5.34342
-10.1541	-4.56472
-3.59494	-2.08964
4.43215	-3.93935
-2.70732	-8.55485
-0.733515	-12.3938
4.62398	-6.19039
3.08222	-16.0978
2.93449	-15.7313
2.45326	-13.9441
-1.85074	-13.1166
-2.7661	-12.7665
1.3141	-15.744
2.83696	-18.5371
1.43403	-17.467
-0.746748	-12.2849
-0.265492	-9.12253
1.39387	-10.02
5.97596	-3.81794
1.66891	-2.12001
-1.32849	-4.63761
-9.79074	-10.6332
-9.69077	-4.01811
-9.58897	-2.49276
-7.50434	-2.1328
-14.8669	0.320033
-10.0447	-6.05356
-10.4838	-11.0464
-1.34804	-6.116
-3.92471	-16.4348
3.1606	-8.55485
2.7004	-6.74094
3.83917	-7.1296
1.70615	-5.74326
4.66557	-3.20421
1.63112	-0.894888
6.89757	-1.918
5.42225	3.89601
2.33864	0.152519
-0.147117	-7.77421
4.14825	-8.54104
1.31062	-17.8752
5.00942	-13.2556
5.60655	-5.99621
0.485675	-4.43434
-2.8791	-12.6956
-1.02139	-20.7428
-4.46946	-19.017
-3.97628	-19.7435
-3.31472	-20.3752
-1.73683	-20.4187
-2.32296	-19.6367
-5.82839	-16.032
-7.00316	-12.6354
-7.56762	-9.05179
-8.0638	-5.41221
-6.085	-3.10452
-8.61981	-0.0758335
-9.75812	2.27813
-10.6792	1.10453
-11.5092	0.142804
-13.3604	-1.68183
-7.14309	1.19589
1.03128	-3.82576
0.69874	-1.87138
-2.44275	-6.49148
2.71034	-1.9581
4.91701	-4.44882
3.58659	3.09394
4.20479	2.84036
2.46285	-5.20715
4.79654	-9.42454
3.89932	-4.39176
3.10926	-11.0179
10.723	-5.35748
7.25589	-9.61535
4.00195	-14.4795
-3.70441	-15.2504
-5.18887	-9.78077
-3.85325	-7.98457
-3.91144	-3.39773
-2.1227	1.6908
-6.92907	-0.620899
-4.06395	-1.23096
-9.24818	4.28451
-4.9897	1.29893
1.97767	4.11493
-2.21608	0.511122
-1.99431	3.8918
-2.70718	6.0053
2.03624	6.63038
1.79553	4.54049
4.36029	5.326
3.78859	3.31511
3.1142	6.39406
4.20687	0.0226272
2.33756	-3.01566
2.76066	-6.12714
-3.17354	-3.62075
-0.0360358	0.645525
4.3432	-2.66163
1.7087	-2.38845
-1.29165	-7.24459
-2.24492	-5.43717
3.217	-1.44957
-1.70418	-4.72945
1.51568	-2.10861
-0.823827	-1.74768
-2.83422	-6.85179
0.309145	-1.26651
1.68295	-3.18012
2.52752	-0.687603
1.01329	-6.51264
2.01124	-7.55086
4.6659	-7.63664
1.06767	-8.50882
3.5767	-4.55568
3.65264	-3.68716
2.9732	-0.693048
-6.76326	-15.1594
-2.7086	-15.8765
1.09624	-19.4391
-4.58507	-17.1374
-2.42045	-11.2646
-4.91733	-3.84683
-4.24229	-7.28465
-3.85249	-11.5936
-4.9162	-14.1377
-5.27413	-14.7628
-5.30916	-16.7548
-3.52308	-19.0777
-3.71134	-19.5583
-2.4894	-20.6862
-1.39534	-22.3647
-1.00914	-24.2306
-0.511635	-24.8905
0.413881	-24.9674
2.86086	-25.7184
4.16733	-24.2402
3.4596	-23.9071
3.39215	-23.9737
2.68521	-22.8356
0.247532	-23.3286
-0.958938	-24.07
-1.78352	-24.3323
-2.04088	-25.0414
-2.69932	-24.0408
-3.62547	-18.8548
-5.70961	-13.3347
-9.23321	-9.12456
-12.9019	-6.52877
-13.8213	-6.7989
-15.0499	-8.42239
-11.9307	-10.7541
-5.31317	-12.9849
-3.52296	-10.4435
-1.82441	1.15689
0.953464	-7.38032
-3.0994	-7.91757
-1.28037	-8.7323
-2.84892	-5.28314
-1.10767	-10.6325
0.495777	-14.8874
-0.0910041	-16.9373
-1.08778	-16.8909
-2.46544	-17.8322
-3.60581	-17.7417
-3.34892	-17.7745
-4.49366	-15.7707
-4.33078	-12.7568
-4.62687	-11.5162
-4.76397	-9.47453
-4.96353	-7.49621
-4.34518	-7.81377
-3.99148	-8.14413
-4.48573	-7.54072
-4.4072	-7.66904
-4.11465	-8.52027
-3.64353	-10.7787
2.34431	-14.6365
7.76457	-13.4814
6.44288	-13.9602
7.70664	-14.0458
8.00937	-16.0267
8.10208	-15.1947
9.05633	-15.7877
-0.225521	-11.2842
-0.332657	-11.1131
0.868319	-14.3454
1.84372	-16.0474
5.00688	-16.9908
6.41361	-15.6935
6.20718	-17.4967
4.97253	-17.8315
5.07645	-19.4911
0.537324	-16.0596
0.513262	-15.9388
4.46992	-13.3938
6.05037	-15.5379
0.692666	-12.397
0.894795	-10.2854
5.11264	-7.61523
4.52503	-8.69263
-1.311	-14.2477
-0.407675	-14.65
0.924251	-15.3489
2.5467	-19.0988
-0.420835	-16.0171
-1.1352	-14.1634
-0.255001	-15.9514
-4.19588	-11.3991
3.75251	-5.78445
3.43897	-4.45153
0.963976	-5.857
5.32068	-6.79313
0.783057	-10.0656
-0.0352405	-11.2846
6.09597	-7.27718
-3.98118	-9.33451
-6.3701	-7.63385
-7.36902	-7.87525
-7.22522	-8.21516
-5.47188	-8.08353
-1.9688	-4.49193
5.32968	-2.26934
5.28553	-11.5657
3.68919	-6.68857
-4.8111	-14.4901
-4.36696	-13.7912
1.22521	-5.9162
4.17334	-5.08846
-0.700675	-10.9471
-5.87493	-8.06587
-0.822993	-15.1787
-8.81269	-6.85228
-2.43757	-12.003
-4.87289	-7.96391
-4.39632	-1.62297
-7.26567	-4.68792
-9.20601	-2.91567
-11.839	-4.60424
-12.2124	-7.96918
-13.4604	-3.34438
-8.41501	-9.86992
-7.12126	-9.30501
-4.98606	-4.75855
-0.598748	-11.0935
-7.3695	-12.843
-0.69954	-16.1241
-3.87455	-12.0984
-2.19917	-14.7285
-5.64506	-12.554
-2.79205	-9.01132
-4.24661	-1.52845
-3.81188	-1.58229
-4.03568	-7.59528
-5.80306	-9.45028
1.39849	-7.10618
-4.0229	-8.4639
-5.78268	-7.90113
-5.60149	-5.26631
2.48903	-8.83745
0.00541742	-11.3497
0.811247	-10.0506
-1.6995	-9.64739
0.0640894	-10.3447
3.44338	-11.6416
4.5649	-17.5297
6.87924	-19.2038
6.79652	-18.5697
4.61887	-20.3684
2.22007	-18.6305
-3.03097	-16.0135
-8.65436	-13.7818
-9.16813	-12.5242
-5.67135	-16.6903
1.31654	-16.3296
0.727481	-15.5739
4.06255	-17.8333
3.78498	-15.9958
2.64341	-14.4507
4.42957	-14.4986
2.85352	-6.91631
1.91269	-7.47993
5.04111	-8.07575
2.27156	-6.7918
4.1166	-3.46145
-3.93304	-8.26593
-2.09121	-9.01777
3.18939	0.593198
0.604377	3.83748
-3.66335	-8.56398
-8.025	-13.2051
-7.48494	-13.213
-2.2865	-10.1776
1.9736	-0.819314
3.88506	1.35461
-2.44445	-0.870954
-2.11537	-9.16147
-3.97721	-4.78964
-1.61702	-2.54972
1.41934	-1.11102
1.42206	-5.00216
1.41652	-11.4075
0.00350789	-12.4331
-6.93777	-13.496
-2.31492	-11.0801
4.54294	1.61487
1.46002	-5.989
-1.74098	-9.15332
-0.706506	-8.48931
-1.92519	-7.25171
-0.766814	-7.65968
-1.90416	-5.69077
-1.44759	-6.21868
-2.28778	-6.27468
-1.5307	-7.27905
-0.177014	-9.38883
5.97958	-14.5906
4.9565	-16.2397
3.70484	-14.0851
4.68991	-10.0336
3.38646	-9.52071
1.52427	-10.4383
1.68913	-9.72784
2.43849	-13.4832
1.4709	-12.9591
2.77039	-6.70509
6.32616	-3.38367
8.87934	-1.70385
6.44906	-2.55
6.95436	-2.39244
2.62549	-2.07016
1.37411	-3.0492
3.45025	-5.26564
-0.441731	-7.30517
2.79645	-1.6968
1.5602	-2.34013
-1.65913	-3.36944
-0.230975	-6.65106
-0.42837	-5.53484
0.430631	-4.65523
-1.03892	-2.75434
-1.59464	-16.3598
-1.39259	-17.0465
-1.06389	-23.1384
-1.67727	-22.2733
-0.362479	-20.7519
-3.22063	-16.843
-1.1816	-14.7803
0.454447	-4.97376
-0.790061	-3.85816
-0.674219	-4.21009
-6.06199	-7.72152
-4.56044	-3.36139
-1.25629	-8.21075
-7.14516	-4.81872
-5.09467	-3.7031
-2.63563	-7.98879
-3.45609	-3.88415
0.443738	-1.52099
-1.45286	0.516961
-2.4987	-3.05054
-6.10845	-9.86544
-9.19503	-7.95374
-9.68422	-7.53987
-8.78942	-7.99739
-9.51511	-7.80173
-9.82009	-5.99551
-7.74874	-8.92141
-5.93523	-10.8088
-3.79113	5.5012
-3.78397	-1.08429
-1.47558	2.9798
-10.9253	-5.27373
-4.44225	-2.76986
0.666445	-3.15201
-5.09017	-13.982
-0.976797	-17.0059
2.93524	-19.1616
2.00509	-14.0124
5.51279	-10.4908
9.08653	-15.9221
5.68399	-14.5134
7.1897	-13.2438
4.82087	-11.4724
1.20235	-9.61434
1.98273	-8.62677
0.763303	-6.49812
-2.09711	-10.9935
-3.54451	-11.2185
-4.28747	-10.7972
-6.75047	-8.52742
-6.50992	-8.83851
-7.46668	-6.76186
-8.33204	-5.02299
-3.52002	-3.28151
2.05605	-3.90367
-1.19082	-1.07826
-2.68325	-7.52353
-15.1649	-3.79069
1.00419	-6.1207
-8.37786	-18.284
-7.7471	-18.4904
-9.18368	-17.1703
-8.40265	-13.4078
-8.27372	-10.5188
-8.84846	-8.5906
-5.53284	-8.07014
-4.69967	-5.23899
-3.43167	-2.67117
6.08094	-0.815223
3.92343	-2.12678
4.34911	-4.68591
-0.907216	-8.86198
0.00688463	-8.7914
0.338264	-11.4844
-2.33841	-15.51
2.65686	-18.3477
4.01856	-13.6689
5.91273	-17.6287
1.29362	-20.518
0.63847	-21.6544
1.6641	-22.2131
1.31662	-22.8
2.13182	-21.4778
2.50187	-15.7586
0.0039012	-7.74361
-4.24151	-3.20069
-4.21837	-6.0167
-7.59986	-7.57457
-9.95626	-6.69719
-9.64355	-10.9522
-12.8021	-8.58955
-9.61475	-7.95847
-8.14488	-8.4
-4.41757	-11.392
0.10727	-15.1271
1.58602	-0.383426
6.39631	-8.80427
-0.550021	-6.53447
3.42517	-2.42222
2.81544	-7.57919
-4.70621	-10.969
-3.97774	-12.683
-3.33274	-14.2974
-0.584851	-16.7283
-0.114626	-18.783
0.821004	-20.7483
1.1378	-22.5871
1.38965	-25.0785
1.09848	-23.8172
-0.165404	-21.0961
-0.537995	-18.2036
-0.952462	-15.7977
3.54876	-15.5157
4.23573	-15.3621
5.6246	-18.4112
6.22101	-18.8454
4.95039	-17.4535
3.71497	-17.3342
3.37164	-15.8804
4.13081	-12.3894
1.85326	-12.329
3.43473	-15.4539
1.65648	-12.111
-0.255435	-7.32391
5.50434	2.56865
-8.90443	-2.95811
-7.67965	-8.32286
-10.0599	-6.71986
-11.213	4.09835
-12.6296	0.0902905
-15.521	0.579885
-6.53557	5.04748
-13.5375	-4.69488
-9.35631	-4.18989
-0.415906	-1.60957
4.03879	-0.0376326
2.17011	-0.674497
-3.13048	-3.75911
-4.60863	-3.29392
-3.12851	-4.32346
-2.98962	-3.07637
-3.06544	-4.99492
-4.23605	-2.55215
-3.00605	-5.78811
0.675462	-3.92137
-1.04681	-3.98115
-0.104559	-2.53143
-2.58885	0.923476
-3.96865	0.0244203
-1.02407	-3.14988
1.38514	1.44403
0.320224	4.01835
4.50682	2.87668
4.65105	4.79954
4.58534	5.36099
9.33531	-3.92063
-0.906788	-2.84674
1.72781	-1.72681
3.65231	-3.42391
-1.7902	-4.43698
3.5662	-3.57485
2.31442	-4.21181
3.06213	-3.1453
0.699653	-3.21292
0.688984	-6.34828
2.57352	-2.9755
-1.05942	-6.01848
-0.928084	-3.72864
0.526209	-5.7135
2.20714	-5.25644
1.08206	-5.20125
-3.36506	-7.42528
3.78325	-1.27248
11.1	1.14016
7.38591	-8.90267
1.76576	-10.6513
4.11598	-12.6618
5.75497	-14.5876
5.64563	-11.2893
3.25887	-7.5139
2.44176	-9.06676
9.00205	-17.375
7.31004	-22.4128
9.54111	-19.3163
8.47693	-18.125
4.73574	-16.1333
-0.62655	-11.8959
2.66964	-13.4477
2.5322	-5.25444
1.92289	-2.7123
-0.121378	-1.76878
-5.91684	-9.27193
-5.42762	-5.85148
-7.67749	-6.1228
-10.3348	-10.6412
-8.50186	-9.94477
-7.30323	-11.4627
-8.20901	-13.3742
-1.44114	-16.4511
2.37922	-20.0488
2.12767	-24.1292
0.547161	-23.1793
1.90147	-23.6584
1.50807	-23.2394
0.980568	-23.6009
1.42808	-24.8661
1.36242	-23.646
0.831345	-22.1008
1.00007	-18.645
4.20866	-15.1639
3.74383	-14.5684
4.59006	-18.037
3.12571	-18.9224
3.14451	-17.7744
4.86707	-18.4784
3.13005	-18.3662
1.09621	-19.8645
2.31405	-20.8989
-2.06451	-16.0506
-2.36853	-11.754
-2.23563	-12.6821
-4.47364	-8.39614
-1.50036	-5.74721
2.43608	-12.4462
1.14298	-14.1115
3.71729	-10.1659
-4.27116	-6.1865
-4.21331	-2.93793
-7.55637	-4.48597
-4.33178	-13.6458
-3.00048	-17.3455
-3.95276	-16.4044
-3.18644	-13.9733
-2.50976	-12.5873
-2.58746	-10.7337
-3.96272	-8.85854
-5.74128	-6.73271
-8.65477	-5.81191
-5.03292	-9.73238
3.8288	1.07426
-2.34089	-10.9198
1.60779	-17.481
-5.29021	-12.6387
-3.69653	-15.0722
-4.02825	-13.4973
-1.8392	-8.97884
1.47685	-17.8699
-0.160005	-22.5908
-2.34185	-23.6401
-1.51047	-22.7549
2.97979	-20.421
4.62692	-24.3059
0.567036	-13.1811
5.29339	-6.29243
2.56513	-6.56443
2.56355	-14.1715
1.29364	-11.7608
-2.35441	-20.0769
1.55359	-12.6392
-0.0743821	-13.9467
-2.6755	-11.4572
-3.16688	-9.89713
-4.13249	-8.45552
-5.69858	-8.88628
-0.00731108	-14.0771
5.97961	-11.7989
5.07872	-11.1955
5.25512	-11.935
4.46741	-12.8909
4.10519	-14.9441
2.49323	-13.8387
2.81399	-13.7147
-1.75391	-13.3018
-3.50692	-17.2418
-5.09641	-17.6251
-7.05018	-14.8051
-5.88055	-15.2272
-6.8566	-12.8704
-3.24523	-12.5958
2.23827	-11.8418
6.58348	-13.5591
7.84386	-16.09
3.9356	-13.4103
3.12118	-11.0231
1.56812	-9.02549
4.22859	-9.08665
6.82801	-10.9285
5.79253	-5.93896
9.57444	-0.137592
6.79896	-1.77703
8.69369	-4.79727
3.57287	-8.35655
6.96037	-7.27541
-2.60705	-0.0907536
-9.40099	-9.2279
-4.10091	-11.5482
-0.671194	-13.5899
0.638269	-21.3741
0.437164	-24.0932
3.75146	-27.4184
2.21408	-26.9915
2.82003	-27.2001
2.76901	-23.8198
2.81239	-18.0882
7.0641	-8.51628
3.96179	-8.87267
0.00722411	-14.0332
0.412848	-16.1374
-1.85681	-10.0712
1.48137	-7.93657
-2.18026	-12.5646
1.42838	-6.95717
-5.05279	-11.7263
-2.8668	-12.4745
-3.69217	-11.533
-0.138678	-14.2707
-4.56581	-14.0654
-2.11127	-16.0402
-0.860457	-16.824
-1.40799	-15.2563
-5.66074	-9.94514
-9.30904	-9.32206
-1.43665	-7.98325
-3.81696	-6.92741
-10.3289	-10.2204
-4.67287	-6.05517
-4.88127	-3.6357
-10.4959	-8.13515
-7.66236	-10.1293
-1.93817	-4.53915
-4.30677	-8.90891
-6.20335	-7.03677
-3.46872	-1.16542
-4.88012	1.86505
-3.51015	0.752463
-8.45582	-9.34274
-5.24855	-4.9304
2.86452	-13.8356
8.67147	-5.38829
3.27106	-4.52178
10.3074	-7.19551
-1.73027	-11.625
-3.05101	-15.3311
-6.9134	-11.5486
-9.94323	-9.37056
-11.5672	-7.43306
-14.4812	-5.0066
-14.7129	-3.63221
-9.97864	-9.26766
-10.4763	-9.29018
-11.1042	-9.5356
-12.1763	-9.09622
-11.9095	-7.18535
-12.6186	-5.8099
-11.7672	-4.01038
-9.52478	-3.48662
-6.46254	-3.77427
-6.9297	-6.39437
-6.55661	-0.755656
-5.2737	-4.82357
-3.57673	-4.22673
-2.95815	-3.02855
-3.36645	-5.29585
-2.47595	-6.48018
-1.97142	-10.5551
0.420766	-12.4098
-1.64143	-12.8531
-1.42539	-3.25561
-3.17045	-4.61013
-5.91904	-5.32378
-3.5313	-1.25841
-4.50141	-1.99652
-3.80606	-7.01263
0.315909	-3.93135
-2.44596	-2.66736
-2.90916	-4.02308
-4.52842	-4.84148
-1.72521	-3.50017
-8.96357	-6.37775
-10.2797	-4.5162
-6.97934	-10.5427
-6.2756	-2.44808
-11.7141	-3.9331
-6.46199	-4.87944
-11.1954	-1.94512
-9.29623	-1.92414
-10.7526	-7.48668
-10.921	-8.28134
-11.4387	-5.06751
-6.7674	-2.16685
-6.60287	-3.55758
-6.24638	-2.63571
-5.65688	-0.00273514
-0.915227	1.52062
-5.12021	-2.1595
2.44385	-3.92658
-2.2226	-10.1199
1.74069	0.552912
-1.16203	-5.73226
-2.09552	-7.8598
2.09468	-4.17152
0.380922	-3.68383
0.362284	-4.27613
1.25084	-1.98129
-2.21814	-1.06106
-1.20739	-4.30402
-5.26394	-2.22939
-0.131503	-7.56002
0.652015	-4.74698
1.03326	1.79864
4.33699	-2.88506
-0.660588	0.689719
-0.422892	-2.92636
0.14663	-6.89912
1.71813	-0.532566
3.3004	-1.06282
6.87069	-4.56134
1.201	-11.9592
4.04482	-12.5303
-0.329867	-3.22919
-4.1178	-4.72942
-0.62364	-9.26372
-4.03863	-9.52319
-6.55488	-8.40743
-8.76557	-6.04707
-8.40198	-7.18922
-10.6769	-5.38217
-9.53096	-5.64081
-4.57529	-10.9055
-1.74619	-3.56537
3.14048	-2.15208
-1.44919	-1.78255
1.516	-3.30577
-0.0703195	-2.90741
-4.09296	-0.960928
-3.79055	-2.90826
-1.47563	-3.25414
-0.484787	-2.86094
0.048891	-5.08664
-6.63785	-5.06559
-8.16316	-6.17409
-8.76017	-3.18911
-7.45613	-2.96277
-4.37365	-4.66273
-1.83364	-8.2152
-0.221605	-10.2149
-1.1455	-8.89911
2.29079	-12.9015
0.72768	-11.2239
0.796706	-12.4001
-2.23207	-12.8549
2.82343	-14.8254
-3.24821	-11.5046
-3.27212	-13.2332
-3.34689	-10.4446
-5.31604	-7.23353
-4.65799	-6.78482
-8.43353	-5.52638
-4.17895	-7.60358
-6.21054	-7.25149
-7.23908	-2.16525
-7.90411	-5.12288
-6.36087	-7.01856
-9.43827	-5.44447
-9.02529	-7.62166
-9.85986	-6.27225
-10.1344	-6.9561
-7.25874	-11.2417
-7.19564	-11.8524
-5.5947	-9.6417
-2.00237	-3.93535
-6.79242	-2.31635
-6.62107	-2.97479
-14.5543	0.241484
-12.584	-3.51511
-6.57067	1.00606
-8.68203	2.91976
-4.6832	-3.87235
-8.72915	-5.16006
-8.11672	-4.98315
-4.57404	-5.26994
0.380362	-4.18422
0.310904	-1.17545
-7.82779	-3.16732
3.52787	-4.97763
-2.51323	-12.7469
3.94709	-18.1113
2.50069	-16.6244
0.383342	-17.2012
0.109297	-16.8977
0.126847	-19.1394
-2.85588	-16.955
-5.37785	-15.2758
-6.49851	-14.5827
-6.75102	-16.5698
-7.10688	-14.3832
-6.09338	-13.194
-4.24896	-16.8164
-3.65979	-15.2159
-1.93721	-12.7173
-2.09797	-7.1186
-2.91002	-8.49394
-3.43638	-10.1533
-0.674488	-10.5563
1.49603	-14.3162
1.83471	-12.157
1.09189	-8.20879
-1.63555	-10.0904
-1.9281	-6.73358
-6.28786	-6.60705
-7.72562	-7.67774
-9.55428	-5.86686
-9.78156	-4.59693
-7.87107	-6.59905
-6.22214	-8.96916
-10.0215	-6.91872
-9.41348	-8.25052
-14.4413	-9.06711
-15.8835	-12.6577
-11.8833	-15.6258
-12.9721	-11.0437
-10.5627	-11.9626
-12.1749	-17.0293
-10.4851	-16.4536
-13.4579	-21.1452
-15.7284	-12.1875
-13.5159	-7.9649
-9.28951	-7.41365
-5.214	-6.44219
0.358105	-8.22059
2.1315	-11.4475
1.47323	-14.6026
4.71559	-21.5894
4.19441	-12.6563
0.523736	-10.4134
-1.29908	-7.47691
-1.65482	-7.82547
-1.49318	-6.86005
0.189813	-13.4319
1.76768	-17.9212
1.34144	-19.9503
2.29469	-19.7685
3.44703	-18.1537
4.76313	-16.636
-0.206151	-10.2208
-0.385799	-10.8592
-0.485824	-6.20261
-1.03526	0.400699
4.49999	-1.64687
5.00213	-2.3184
1.47891	-0.932163
1.38145	6.16729
1.6005	1.23065
3.13365	-2.75292
-1.94583	1.76546
-3.72	0.277174
-1.3761	-1.10493
-1.31347	-6.81377
4.57152	1.55125
3.43423	-4.81383
2.31455	-4.45849
0.552561	-5.25993
-0.679602	-2.98998
1.24106	-8.49336
3.26909	-2.62594
-1.52002	-4.65918
1.60574	-3.80484
6.92619	-4.7938
2.49925	-3.53452
4.7621	1.26467
2.95256	-6.10108
1.92075	-3.1707
3.0048	-3.89401
2.99689	-4.0501
0.734776	-3.44851
4.13292	1.8331
6.65271	-3.23981
5.20991	-2.10075
5.29266	-5.2199
2.93645	-2.69419
3.71652	-1.89903
5.76298	-2.97742
-1.37202	-6.63728
-6.27323	-13.6078
-3.37214	-4.26155
2.47041	0.0569894
-1.95506	-6.56853
-6.74524	-4.35573
-10.5654	-4.87516
-9.69729	-7.33364
-9.62301	-8.8615
-7.81151	-11.4343
-9.53906	-10.9828
-7.83195	-11.8457
-7.14181	-9.03587
-5.68265	-8.74134
5.40928	-13.2742
5.12412	-12.3553
5.499	-13.4055
5.17081	-15.5988
3.97116	-16.4094
3.37366	-17.1141
4.89261	-16.7699
5.19251	-18.284
1.81277	-12.1742
-2.3435	-12.9774
-3.98228	-12.7284
-5.03838	-12.0686
-4.33832	-7.48411
-2.7522	-13.6096
-4.78389	-15.163
-5.68605	-12.6758
-5.95681	-10.4917
-5.41243	-9.22006
-5.14527	-7.69205
-5.09728	-7.87698
-6.1316	-6.5975
-7.35978	-6.72827
-9.27084	-6.74278
-9.85756	-7.51123
-7.21033	-7.08119
2.95703	-5.2064
-1.72091	-5.81547
-1.86995	-1.94056
-2.43422	-10.1937
-5.47625	-11.334
-4.21129	-5.09722
-6.45809	-7.95928
-6.49004	-11.0236
-6.30893	-11.0766
-5.50425	-10.6161
-4.85627	-6.25007
-6.49095	-12.4225
-5.09971	-11.3883
2.18272	-17.0261
-3.59735	-11.3547
-3.32596	-13.4425
-6.20201	-11.0603
-6.69503	-8.90025
-4.1246	-8.72652
-5.65815	-7.99367
-3.1549	-8.39177
-2.89696	-8.05919
-1.03982	-10.4272
-2.24659	-6.59802
-5.66758	-5.95405
-8.03762	-6.39212
-3.6303	-9.43752
-7.98606	-9.56478
-1.56499	-6.73398
0.358655	-6.07062
-5.57895	-6.62461
-2.67765	-8.09989
-5.43761	-5.93331
-3.57393	-2.53183
-1.98554	-4.92285
-6.17474	-13.0884
-7.95318	-12.7803
-10.3715	-16.9517
-0.0522994	-9.39622
-1.47322	-12.5396
4.65415	-10.3119
1.49175	-19.8384
0.625279	-20.8787
1.18077	-17.4122
2.45338	-19.1798
4.60103	-21.8193
6.28613	-22.5894
4.93518	-20.1913
4.20901	-18.0847
3.5141	-16.0426
3.46669	-14.6615
2.02915	-13.7703
1.92601	-15.6624
1.03072	-15.5272
-1.76378	-12.9815
-3.45578	-12.0011
-5.15752	-10.9056
-3.19382	-14.1436
-2.19985	-16.3305
0.740623	-9.66321
0.614401	-5.76944
-2.06717	-2.13074
-3.68227	-6.07189
-10.6829	-9.89116
-6.95139	-7.64214
-10.0655	-5.35454
-7.31353	-10.3599
-4.18485	-5.41708
-9.76774	-10.8779
-5.56669	-9.38987
0.790137	-8.18786
7.48338	-9.66686
1.99525	-17.9082
-2.30751	-17.456
-4.54739	-15.3268
-3.74137	-13.0613
-2.37909	-13.2133
-3.79006	-10.6852
-2.15507	-12.0509
-10.0917	-4.48756
-7.69421	-0.999348
-8.18708	-2.30289
-7.93356	-3.94306
-3.49031	-5.85462
2.85282	-9.12202
0.00816093	-7.96793
-2.52253	-9.21849
-0.093002	-4.67633
1.5329	-7.63918
-0.51725	-12.4834
0.993459	-10.1514
-2.81744	-11.2222
-2.9955	-13.3955
1.33698	-1.3429
-3.23807	-10.7717
5.15572	-4.8964
-3.6634	-9.06764
-5.98783	-9.11227
-5.96997	-7.46682
-2.44211	-9.10109
-3.58157	-7.79987
-2.601	-8.21572
-3.50572	-5.9048
-2.41741	-7.78159
-1.27512	-10.5704
0.0316851	-13.2564
-2.26832	-11.6537
-5.35679	-4.63488
-0.954466	-6.12492
-4.8028	-4.21652
-0.212317	-8.78257
1.97828	-16.2242
2.14739	-21.0335
0.107943	-21.7432
-0.7487	-22.5427
-2.77733	-21.5446
-1.66947	-20.6769
-5.33349	-18.3147
-4.23598	-16.0625
0.728899	-20.16
0.987394	-16.9612
-0.207945	-13.7545
6.57076	-3.92426
0.829498	-2.46271
2.99453	2.32446
-1.83125	-0.552177
3.42586	-7.95152
2.47668	-6.50026
2.71228	-7.0618
0.141741	-10.3603
-0.780765	-5.90547
-1.98152	-3.18145
2.12482	-7.26771
3.60029	-5.86815
0.959062	-7.06228
-5.77112	-12.7321
-4.6676	-10.3507
-7.52635	-11.3302
-8.06906	-10.7496
-5.08597	-9.69064
-2.36907	-11.0148
0.297293	-13.3252
5.11388	-4.20423
-5.45731	-5.64007
2.63832	-9.11304
-2.05092	-6.57965
3.37833	-3.93482
2.23567	-5.48426
1.55185	-1.55113
2.19934	-6.00058
2.77745	-4.23462
2.5766	-6.22341
1.97794	-0.167924
-0.387502	-12.5633
1.0614	-4.45899
0.877808	0.456411
-0.839332	-3.44522
-0.153265	-4.95982
-0.119017	-7.39106
5.38444	0.269152
3.80828	-3.58655
2.69501	-1.75079
-1.64351	-8.65033
-0.415977	-13.3239
6.46303	-8.63427
9.00693	-6.25201
8.56016	-9.34597
0.00905467	-15.6473
1.88673	-18.1088
1.15983	-20.106
3.38862	-21.5048
7.43238	-23.0554
10.0137	-19.8993
4.28702	-12.1751
8.34227	-10.4619
3.42467	-10.4786
3.00049	-12.3909
3.90114	-11.2594
-3.59956	-11.9751
-1.87725	-13.9982
4.84904	-19.2226
2.55178	-24.3771
-4.23673	-23.2662
-4.7434	-21.2697
-4.425	-21.3336
-2.04373	-19.8376
2.6691	-14.8066
1.53184	-6.13635
2.03082	-14.0065
2.80161	-9.62856
2.16252	-11.4751
-0.179095	-7.15595
-5.30291	-10.2711
-2.86753	-7.89173
-1.57913	-12.5122
0.893734	-21.0114
-1.62148	-18.5248
-1.53877	-17.5243
-1.59097	-15.8597
-2.08006	-13.7357
-1.47515	-12.7511
-0.205843	-14.621
-3.5833	-14.845
-1.91091	-11.7863
-0.777176	-7.7497
3.32514	-3.91479
1.48638	-3.16654
-2.63311	-6.77003
-2.73886	-2.08154
3.36211	-5.42132
5.63059	-14.268
0.665613	-12.185
1.64426	-12.2651
-0.133925	-8.8303
-0.332089	-10.9146
-7.06173	-15.0725
-5.33256	-12.4743
-3.57089	-11.8384
-1.75274	-13.1285
1.5554	-13.2229
0.51365	-11.4936
-0.444164	-11.8775
0.601908	-11.2244
0.554252	-10.3828
1.1803	-11.6635
-0.934299	-9.17061
-0.156328	-7.48538
-0.69901	-6.96642
4.06884	-4.74324
-0.598824	1.48925
1.25556	0.669485
-5.11116	-3.62246
-2.79528	-4.73791
-1.71646	-1.46882
-7.74029	-10.2939
-7.26226	-14.155
1.81909	-10.6809
3.41865	-3.51945
4.42477	-17.409
3.26307	-23.4001
0.629336	-22.7414
0.729743	-23.8119
0.307226	-22.9141
1.11815	-23.4619
0.56576	-25.5405
1.29903	-25.1462
2.73878	-28.0372
1.64546	-26.4427
1.68523	-25.6611
1.11172	-25.8738
0.437118	-25.5063
-0.303923	-25.2512
-0.807503	-23.7423
-0.672254	-23.4632
-1.78304	-22.0346
-0.810408	-20.654
-0.58519	-18.6749
0.0888304	-15.0922
1.76129	-11.9868
6.72304	-16.9018
8.80183	-21.5362
7.78269	-19.4884
5.84849	-15.4904
6.97095	-16.4285
6.51381	-16.3347
7.57859	-16.4923
7.98725	-17.6166
8.91275	-16.5909
8.12387	-15.4069
8.27192	-16.3316
8.35699	-16.9564
1.0451	-12.7078
-0.429635	-15.1706
0.894817	-17.0463
-0.339817	-14.5038
-0.727815	-14.3971
-1.80413	-13.4991
-2.41998	-13.0671
-2.75928	-10.9226
-1.83814	-12.4353
-2.52015	-7.00846
-2.53356	-1.18588
4.78355	-0.579235
3.68976	-5.32443
1.52102	-6.19894
4.94527	-12.0647
4.77307	-16.1637
4.63716	-19.1039
4.52296	-21.4152
5.23509	-21.4521
4.57547	-20.7761
3.28455	-14.2377
-6.52962	-6.27498
-3.97212	-7.99241
-3.11099	-9.40119
-0.847093	-12.7861
-3.43667	-12.5943
-8.39665	-8.95033
-9.78993	-9.09568
-12.247	-7.02073
-11.6262	-8.36766
-11.2341	-9.72559
-10.8169	-10.192
-10.4883	-9.50072
-10.472	-8.03421
-8.69461	-7.37652
-6.69021	-5.48211
-5.97966	-4.78543
-5.96578	-6.21166
-6.07058	-8.4976
-6.72409	-10.277
-7.76826	-10.4342
-7.73189	-9.69034
-8.03552	-9.41076
-7.50199	-9.51589
-7.07222	-9.75481
-5.63018	-10.7001
-6.41834	-7.43913
-6.03712	-6.63929
-3.995	-8.52279
-4.06415	-4.96815
-5.48875	-3.75889
-7.21332	-3.21838
-7.74021	0.965552
-1.78057	-1.88357
-6.1246	-6.006
-4.71756	-3.22552
-0.790424	-10.2601
-1.5829	-6.82093
4.6546	-5.05707
1.57243	-2.57741
-3.88785	-4.53749
-1.79699	-6.51813
-1.22056	-4.51064
-3.38906	-2.90091
-2.33667	-3.49517
-2.22495	-3.05313
-0.493	-3.58298
-0.196799	-3.36777
-1.29254	-2.81635
5.98531	-2.33471
3.64889	-3.48406
9.22046	-0.756593
7.22382	0.456932
3.77982	1.47319
1.53247	-3.86328
-6.45713	-12.623
-3.64422	-11.9023
-5.97079	-2.42732
-1.46359	-15.7148
-1.78254	-20.8062
-3.89852	-19.8009
-1.9117	-18.9805
0.809813	-12.4289
2.54012	-15.8283
3.5752	-15.1606
4.04877	-15.0261
2.32894	-11.898
3.49735	-13.0804
1.57555	-10.2902
1.44734	-12.2207
4.49709	-8.88745
0.514629	-6.31785
-0.022285	-2.92604
-4.38597	-2.03589
-7.7057	-3.24751
-9.58061	-4.52741
-2.10719	-3.46389
-0.159772	-3.55919
-2.30083	-0.681595
-2.48967	-4.40796
-0.75826	-4.77789
-2.202	-1.14353
-9.70431	-12.446
-8.09252	-14.6426
-1.81131	-14.5662
-1.22117	-12.3297
-5.02632	-4.75653
-8.32454	-5.91559
-3.72999	-7.67917
-0.868244	-17.0866
-4.63858	-18.9349
-3.76241	-19.2356
-5.85881	-15.2517
-0.723589	-16.3118
0.0715976	-9.26502
-3.95817	-4.3
-10.798	-6.34552
-9.42483	-2.6688
-11.2054	-12.7256
-12.2235	-6.73691
-8.89663	-1.38602
-11.059	-10.0857
-9.13432	-10.2713
-4.76539	-13.0576
-6.38086	-8.93199
-3.17742	-11.5785
3.48031	-1.0013
0.113007	-11.5017
-2.3578	-6.10613
3.85657	-9.62949
0.979821	-9.8183
0.854611	-6.74528
0.245871	-7.64504
5.87309	-5.74377
1.94727	-4.40935
4.63237	-6.81695
2.13456	-14.3009
8.03394	-8.60814
5.45172	-8.17631
6.58034	-14.2807
7.17757	-13.2499
2.92587	-11.7718
2.86619	-9.72915
1.99732	-8.47638
1.53447	-7.68261
-1.94601	-5.05172
1.7019	-9.83228
-0.928026	-6.81063
3.33627	-4.75165
6.5494	-0.731887
11.4674	0.966954
10.3692	1.90135
-13.7911	-8.96423
-7.31136	-5.42352
-5.62825	3.26504
-7.07216	0.0831952
-11.8523	-9.45114
-11.2245	2.10392
-10.4815	-8.14303
-11.7612	-5.67129
-13.5188	-6.49467
-7.54858	-3.58999
-7.23524	-5.75671
-6.82993	-4.75155
-6.92566	0.121958
-0.20011	-9.62161
-3.85191	-4.3615
0.212933	-1.86617
-0.2888	-1.32103
4.92302	-4.16119
2.56267	0.326868
4.69957	0.231926
-2.41707	-6.02656
-2.74404	-4.11607
1.66572	-7.6937
5.8115	-5.90823
3.93634	-2.37233
2.27853	-5.5424
-0.392635	-9.38107
-3.42734	-10.6628
-4.66282	-7.50691
6.25906	-4.7716
-1.9272	-4.19026
-0.710493	-4.80038
3.43773	-1.60975
2.27207	-2.6671
1.93658	-4.72031
-1.0108	-4.72551
0.496464	-2.25152
3.20098	-13.3211
5.3492	-10.2952
-1.62311	-7.40524
-3.40399	-11.1393
-3.03401	-15.2415
-1.30672	-17.1932
-2.69662	-15.404
-2.77613	-18.5237
-3.61753	-21.5535
-4.88391	-24.1292
-4.65895	-23.4776
-1.19067	-23.8342
0.241704	-20.9955
1.09607	-18.831
-1.16438	-13.3498
-2.37185	-8.76161
-1.27634	-7.90064
5.26162	-10.9625
3.30674	-11.103
2.61656	-8.35822
4.2211	-8.86088
1.17882	-5.59237
-7.81989	-1.03527
-3.94795	-7.15326
-8.65603	-3.40631
-10.2787	-2.52246
-11.6782	-0.796347
-12.1884	-0.763844
-12.2653	-2.07784
-9.98737	-2.3624
-1.18036	-1.00401
-0.766148	-7.02833
1.41776	-7.64053
0.328097	-6.67025
1.19908	-7.01107
-3.90781	-5.85519
-4.58069	-5.44013
-6.80375	-10.17
-9.03322	-14.6917
0.0857891	-3.70895
-5.79717	-3.08324
-10.9704	-3.34677
-12.1308	-1.64592
-11.8634	-1.52836
-11.074	-2.37523
-9.64371	0.140156
-2.675	-5.5048
0.0396921	-10.1312
0.269511	-9.82109
-4.88678	-14.8144
-3.02699	-6.16386
-3.97052	-6.98071
-8.03596	-15.7827
-3.79219	-11.0683
-5.886	-7.38644
-7.94644	-6.2915
-6.38292	-6.62181
-8.15375	-5.60569
-8.23354	-5.04378
-8.56084	-3.50874
-7.42396	-4.79011
-4.64702	-9.63564
-6.23304	-9.16449
-5.2446	-11.0726
-3.91515	-11.4751
-3.22366	-11.7048
1.37122	-11.4138
3.96902	-9.34639
4.92674	-8.90375
4.46913	-9.40027
3.94828	-9.78962
3.46324	-9.89999
4.15223	-9.65524
5.77808	-10.9401
2.90517	-8.47021
3.84964	-10.3777
2.6395	-9.97532
1.80563	-10.5254
0.627307	-8.57143
-0.585163	-6.33527
-0.757373	-5.42019
-10.6867	-13.1528
-15.3572	-9.76958
-16.2627	-9.31764
-16.7635	-7.4031
-17.1284	-5.90057
-17.7101	-6.00875
-19.3937	-5.65884
-19.3804	-7.011
-18.9201	-6.6057
-16.5676	-7.91537
-10.4137	-8.54793
-5.51202	-9.33852
-1.83467	-5.74545
-0.993121	-6.75426
2.72383	-3.781
0.873447	-4.29989
2.0861	1.29659
5.74978	-3.36947
2.18912	-4.01199
3.35479	-10.202
2.21097	-12.4091
2.8055	-15.9089
-0.167241	-16.4603
-2.42275	-14.8412
-4.98666	-13.0625
-6.62435	-11.3094
-11.0866	-8.78817
-11.9222	-5.99467
-10.3004	-5.35969
-9.60351	-6.27987
-11.5022	-6.00992
-8.19664	-8.37679
-11.0456	-5.83511
-11.5361	-7.11065
-11.3084	-5.14981
-12.5171	-4.56004
-11.1068	-4.68057
-9.96142	-4.12747
-10.5801	-4.86874
-12.587	-0.934192
-10.2184	-5.1287
-10.3161	-3.72433
-9.79949	-5.7279
-7.15536	-5.16549
-5.84928	-6.10645
-3.70802	-5.8721
-2.52035	-4.89865
-1.68646	-6.5698
-1.31166	-6.4398
-0.51438	-8.086
2.74448	-10.9819
4.75882	-13.3431
5.66564	-13.0132
6.94078	-16.8834
6.85571	-15.3296
3.74029	-14.103
4.42083	-15.3656
4.22545	-15.3795
2.71433	-10.3577
-0.122092	-7.14067
1.60794	-9.10863
7.09278	-7.7085
5.94053	-1.55598
1.4009	2.57465
-1.59142	-2.54052
-4.39313	-1.32008
-8.00594	-2.49088
-8.53869	-7.56156
-5.44797	-10.0205
-4.33351	-13.5014
-4.41039	-7.20172
-1.94648	-8.18515
-0.852006	-7.00163
5.14511	-5.21052
-5.66875	-13.7903
3.21765	-24.4141
1.51641	-23.4151
-0.91466	-21.0873
-0.761194	-20.8017
1.34968	-21.3424
-5.44315	-13.9794
1.73561	-17.8654
-5.86862	-17.0647
-0.95992	-14.1431
4.37585	-7.06346
0.331484	-6.56592
-5.92648	-6.76108
-9.72609	-8.17556
-7.14066	-5.94708
-7.72921	-4.53634
1.34158	-2.8813
6.8272	3.92503
0.10507	-12.7121
-2.15221	-8.24715
-2.7199	-7.55427
-1.61473	-11.2155
-4.16534	-11.031
-8.01098	-5.11699
-0.566958	-11.6948
9.00963	-11.0152
3.57619	-15.8255
-8.95293	-3.29655
-5.0005	-7.29689
-4.84441	-9.26348
-3.31488	-9.27322
-1.81732	-8.74962
-1.94242	-7.1674
-3.61272	-4.65237
-6.31234	-2.06066
-7.54573	-10.4467
-2.07992	-10.8687
-2.0014	-16.4029
0.520702	-12.0643
3.44257	-2.12465
1.96615	-2.72348
-7.64197	-10.8286
-5.91449	-7.50531
-6.43466	-10.9924
-5.80148	-11.3098
-6.63477	-8.33552
-7.68511	-11.0763
-5.60355	-16.8203
-2.68028	-11.7714
0.98222	-6.35757
3.9225	-10.3655
1.11771	-17.4267
-1.08864	-20.3249
-1.39866	-17.8418
1.20006	-17.9108
6.60971	-12.1619
4.53556	-6.44835
0.023231	-7.90711
0.880087	-8.95455
1.73763	-1.85305
-0.49149	-3.8603
1.45258	-3.46936
-1.82291	-11.4537
0.575717	-2.59701
-13.6282	-3.26652
-12.9145	2.36499
-8.29684	-3.41257
-16.6875	-9.97066
-2.84251	-5.9379
-0.662367	1.698
1.07543	-10.1497
-10.774	-10.5169
-8.92218	-14.1878
-9.4146	-12.2341
-8.49051	-12.6476
-5.01308	-13.4936
-1.68659	-15.4455
-3.55758	-11.345
-3.4981	-13.181
-2.25855	-15.9407
-1.15837	-13.0598
5.1696	-8.56187
4.75112	-1.85782
4.20235	-3.85272
-16.465	-11.9256
-13.8355	-6.89993
-3.99631	-11.3024
-1.07982	-7.28565
1.8914	-5.29418
3.56491	-1.77597
8.15674	-2.13441
2.18489	-3.77297
-3.1537	-11.4665
-6.75604	-8.02499
-4.45023	-11.8022
-6.14846	-11.9513
-9.94655	-7.66942
-11.5187	-5.44932
-12.9443	-3.45747
-16.2505	-2.68086
-16.2481	-6.61369
-15.7221	-8.54159
-16.1751	-12.6795
-11.9673	-13.0382
-12.2381	-11.419
-5.44792	-12.3435
-7.40341	-10.3172
-5.11781	-15.3615
-0.843201	-14.3631
1.54234	-12.2825
2.53366	0.508384
2.68374	-1.27458
0.788711	-6.33137
3.33693	-7.5549
3.93591	-0.396336
2.3948	-9.40881
0.688466	-8.55664
-4.1214	-7.6321
-0.134925	-7.61254
0.0874634	-4.62701
-3.30017	-10.2275
3.63276	-2.42459
-1.64356	-9.48993
-0.778268	-7.69652
2.63743	-3.96792
-1.98451	-5.77085
-1.7392	-2.87421
0.419252	-7.21371
-4.10423	-4.52824
-1.22447	-4.54783
2.05878	-4.2484
0.194084	-6.26312
-1.28718	-6.54229
-0.197301	-5.29831
0.0870342	-5.9877
-4.33371	-7.898
-0.577532	-0.916331
-1.75338	-7.27049
-2.22289	-3.71509
-5.26097	-3.24684
-7.83254	-1.8695
-8.91755	-0.521826
-2.25523	-9.27097
-6.73453	-3.4356
-8.85788	-3.18202
-10.3306	-3.22449
-11.8771	-2.26631
-11.957	-3.67166
-11.7021	-4.25894
-11.1936	-4.2864
-10.0035	-5.42531
-10.2871	-4.68205
-9.00244	-4.2749
-9.88113	-3.35409
-8.5381	-3.27002
-6.31621	-4.34973
-4.25027	-5.82829
-2.21389	-8.46373
-0.531136	-10.7917
0.671392	-10.7963
7.21692	-15.9459
-0.362316	-12.3319
-0.289984	-8.59556
-1.41189	-10.5005
1.04824	-6.67927
2.21234	-7.64881
-4.40855	-3.52088
-9.44614	-6.29013
-15.0225	-5.71357
-14.3181	-3.76333
-8.10609	-1.6474
-7.33296	0.896858
-5.02469	-5.18021
-5.662	-2.71585
-7.79842	-4.30403
-4.93569	-2.48158
-5.35087	1.97646
-5.64154	2.91104
-4.77904	2.09032
-4.35742	-0.886407
-7.41246	1.85415
-5.14199	-1.37647
-5.03622	0.0103353
-4.66971	2.16891
-5.21465	-0.150743
-3.6556	-0.704739
-3.49622	-2.92059
-1.84372	-1.88648
1.24028	-1.97047
3.31528	-6.55488
1.67783	-5.75207
4.48268	-8.31532
2.70942	-11.7796
2.65579	-15.0248
-0.17551	-16.1337
0.671326	-20.79
1.55693	-24.8399
0.948842	-26.253
-0.0846149	-26.1881
0.551717	-28.0204
0.0148133	-27.8
-0.211062	-26.4274
0.356475	-26.2712
0.615883	-24.5871
0.23601	-23.9028
0.129223	-23.6319
-1.07222	-22.4951
-2.19421	-22.9666
-1.98754	-22.8884
-1.7915	-24.6813
-0.960696	-24.5309
1.04673	-23.2722
-1.43625	-20.5427
-3.8284	-14.4112
-8.45334	-7.78368
-8.77588	-8.13457
-12.9563	-5.24719
-14.7873	-5.62813
-14.0221	-9.49417
-18.074	-6.05129
-19.7073	-6.13722
-14.6653	-12.1166
-18.5442	-7.8054
-19.226	-8.95377
-18.6001	-8.92961
-14.6867	-9.93055
-5.98577	-6.65288
-1.66314	-7.85683
4.31475	3.41371
5.03485	-3.79859
7.33049	2.28522
1.60005	-1.12532
-5.52857	2.01551
-9.17622	-6.11936
-6.9854	-3.47955
-9.66873	-7.5664
-8.74665	-4.33722
-9.8653	-7.25115
-6.23261	-5.20819
-4.31877	-3.87926
0.628699	-5.13892
-1.05331	-4.81766
-3.92134	-4.46636
-0.952125	-7.66369
-0.909823	-9.12399
-0.652111	-9.01345
0.550056	-9.96721
1.05516	-12.8995
1.00842	-12.286
0.765114	-18.9964
-0.231852	-15.9954
-3.03567	-11.3509
-3.09748	-10.4377
-0.351123	-10.2435
0.791846	-13.04
4.61164	-6.18504
0.578187	-4.02418
-1.45115	-9.29938
-2.53785	-14.1066
-8.81812	-11.5089
-18.3039	-13.4329
-11.5892	-8.87707
-9.31924	-4.3423
-9.89506	-7.42003
-3.30723	0.805022
-5.22759	-7.26444
-9.23275	-6.9412
-9.07991	-6.95408
-1.14205	-11.5658
1.87454	-15.5858
1.3225	-16.0059
0.826391	-14.9096
2.75899	-17.5325
2.49438	-17.0391
1.85007	-14.9011
0.704306	-12.7545
-1.75509	-13.7149
1.15119	-19.9345
0.109243	-21.4425
0.406027	-21.7397
-0.223688	-20.0539
1.68181	-19.4091
-0.859354	-18.9946
-1.02822	-18.786
1.394	-17.8653
0.302704	-19.1864
3.63963	-17.2588
4.61575	-14.6893
4.38978	-17.1148
6.34227	-6.92269
4.08089	-13.7582
6.43833	-9.03132
5.46712	-8.90317
2.50822	-9.09987
5.25057	-9.81917
-4.55487	-12.9396
0.116372	-5.26262
-2.9909	-6.06941
0.0205575	-5.68344
3.57113	-12.2943
0.440329	-2.58746
0.900773	-4.99708
1.259	-3.38544
2.8869	-2.30418
0.946257	-8.9206
-0.991166	-0.870362
-0.672599	-2.79235
-3.08817	-7.19571
-2.87521	-3.79789
0.393968	-4.29894
0.992511	-7.36991
0.918837	-10.4112
-2.26246	-3.53406
0.070096	-5.27443
6.8948	-3.52581
6.59146	0.136392
0.178864	-11.6942
4.09554	-12.219
0.444949	-10.9042
1.78193	-12.2543
5.18838	-11.9626
5.19674	-11.829
1.05446	-13.8072
-3.64215	-12.8404
-7.95815	-9.60884
-8.03245	-8.74019
-8.18404	-9.94135
-7.20333	-10.7314
-3.80053	-12.0602
-0.25538	-11.4059
-0.763651	-9.48196
1.46312	-10.3615
2.53957	-14.3954
1.58141	-16.9628
3.06568	-23.2413
1.12305	-24.4329
0.801011	-23.6799
1.68031	-20.2119
3.55511	-19.5116
1.29755	-12.3954
2.22978	-8.30457
1.12516	-5.68583
7.16362	-1.83136
9.08039	0.557853
7.96913	-0.812616
3.09476	-1.52585
5.60277	-2.81106
4.05945	-2.57918
-1.44299	-7.77181
-4.99044	-7.18352
-5.20408	-6.33596
-5.63125	-4.26495
-6.87941	-1.8391
-6.24713	-2.50365
-2.07625	-6.99476
-0.94099	-10.6614
4.11899	-8.26543
6.84368	-4.79872
-2.92653	-5.93626
-7.52636	-9.01514
-10.9959	-13.0023
-12.4705	-10.1845
-6.50742	-7.60576
-9.46307	-3.36928
-7.38746	-4.35927
-11.9956	-6.22133
-9.47097	-8.39911
-5.61107	-12.9781
-2.44648	-8.33446
4.92383	-11.493
2.91977	-18.9264
1.16546	-22.2162
-2.02723	-16.8797
-3.59789	-15.6721
-5.9159	-15.1601
-6.75151	-14.6274
-6.92438	-13.3489
-7.1922	-12.4279
-7.55269	-11.6925
-7.97132	-10.4004
-6.69282	-9.83894
-7.47467	-8.84115
-7.31936	-8.21271
-5.79369	-9.02437
-6.8434	-7.56766
-5.50497	-9.23323
-7.34244	-6.60204
-8.94183	-5.096
-8.86633	-6.06983
-10.0884	-3.81602
-11.151	-3.20039
-10.1589	-4.1227
-9.74619	-6.63398
-9.92507	-6.32717
-9.72759	-6.25844
-10.4854	-3.45608
-8.66619	-3.30546
-4.02314	-7.24289
-1.15812	-12.1942
-2.55037	-6.36846
0.262925	-7.05795
4.07744	-6.88719
-3.16738	-6.11837
-3.59185	-1.71306
-2.13037	2.31217
-8.62043	0.220498
-10.0244	-0.234225
-12.1501	0.77685
-5.62116	-3.88049
-6.81391	1.18826
-7.11922	-2.61975
-8.17642	-1.68719
-6.72766	-3.56659
-3.90794	-7.08123
-3.69483	-4.24279
-0.66065	-3.00745
-5.16462	-5.81247
-4.14897	-7.57179
-3.01317	-7.68146
-2.29263	-9.81969
-0.463626	-11.4501
6.07784	-12.2796
6.66034	-14.5861
5.90743	-15.5926
7.35061	-16.8173
6.31146	-16.7258
5.64922	-16.0318
5.59649	-17.4922
4.84864	-18.6736
5.13531	-19.6943
5.32592	-20.0383
4.16405	-22.9611
1.77785	-22.4253
4.87677	-23.8528
5.61595	-18.4174
1.93105	-13.3698
0.200579	-16.0948
-0.76538	-21.0003
-0.907677	-23.2294
-1.69384	-24.4893
-0.551323	-27.4253
0.548794	-27.1171
2.09027	-26.3434
5.59014	-26.7738
6.27356	-28.0125
4.17188	-17.7113
4.74134	-12.6656
7.03137	-9.84379
7.35846	-11.6127
-0.0945606	-14.1376
-6.62932	-10.4121
-8.83466	-4.62161
-12.657	0.214973
-12.3351	-5.50248
-5.05438	-10.7086
-0.542326	-7.74148
-4.88818	-6.85743
2.00503	-0.861723
1.19774	-8.24982
-2.88476	-10.5368
-7.12028	-8.00635
-8.7018	-7.4521
-5.48211	-10.9433
-3.8227	-13.6136
-4.6018	-13.2181
-3.87839	-12.2971
0.821916	-5.21213
-0.30369	-6.25167
3.67207	-2.83199
-1.62919	-6.91637
-2.28037	-9.21632
-4.08949	-10.3119
-6.38645	-15.2495
-0.732897	-6.70672
1.50955	-7.81261
-1.49853	-14.9291
2.34555	-19.1469
3.35168	-18.3968
2.33053	-15.9652
4.25276	-14.1142
3.24793	-19.5895
3.9635	-18.5049
5.03035	-18.4391
3.62516	-17.1947
4.83288	-17.0762
4.43887	-18.2621
1.53234	-15.4031
-3.8766	-10.2355
-7.87191	-10.6562
-9.16468	-9.1536
-9.99316	-10.7912
-9.99562	-12.9258
-7.89108	-14.7727
-3.47605	-16.6849
-0.602958	-15.5681
-0.101511	-14.2448
0.67857	-13.3067
1.42837	-14.5464
0.351018	-13.3561
1.46949	-13.2837
8.7215	-13.2387
6.85642	-16.7138
6.61862	-15.934
7.32364	-16.2353
8.63659	-16.4156
7.51908	-15.0947
6.50447	-13.079
1.79643	-10.6495
-1.17041	-8.53707
-1.31481	-8.50445
-2.48322	-7.5114
-2.11427	-7.4077
-2.1893	-5.9713
-3.09686	-6.40819
-0.639911	-10.138
6.34302	-10.0258
8.35575	-10.5857
6.13884	-10.0911
4.45232	-6.07392
1.31063	-5.22848
3.88054	-7.42475
3.85305	-6.5873
5.1934	-0.497293
3.83292	0.227278
-0.801142	-3.47413
0.865883	-3.65569
0.649573	-7.56887
11.5926	-3.22077
3.66169	-5.85754
3.96856	-4.5144
3.03811	-9.7918
1.45075	-13.7729
3.4938	-19.594
-2.04885	-16.4803
-3.44891	-17.5545
-4.35968	-16.0868
-4.14597	-14.9085
-3.09333	-14.5856
-1.84857	-12.3642
-0.376401	-15.5125
-1.70959	-9.46006
0.28542	-7.76483
-0.437094	-11.3508
-1.68978	-0.472632
-0.799948	-3.14659
0.847673	-3.95837
0.622819	-2.745
4.23138	-3.75056
1.18849	-3.3269
7.38392	-7.02794
1.22712	-4.92801
-4.86934	-4.99637
-8.44029	-4.05808
-8.99916	-3.96921
-7.80012	-6.44078
-5.63064	-9.14129
-6.1983	-8.55714
-6.36444	-7.19028
-9.90014	-2.82131
-8.09728	-4.83253
-3.92803	-6.37066
-2.16871	-1.14273
-5.95438	-0.656196
-9.74488	-6.26205
-11.7955	-3.77518
-13.765	1.06094
-14.4181	1.444
-10.9638	1.37409
-16.0682	-3.26663
-11.2389	-0.846237
-7.98269	-0.0292535
-9.48581	-3.22137
-1.25815	-6.06811
-7.88643	-5.45294
-9.8811	-5.43497
-11.2867	-4.83265
-7.47946	-9.34874
-8.30521	-9.9853
-7.3985	-10.4032
-10.5871	-7.32701
-14.117	-3.07236
-15.2743	-3.81433
-15.9289	-4.17054
-8.90149	-2.88896
-0.777516	-8.40538
0.0366565	-7.48899
-2.17649	-8.66168
-5.56468	-12.787
-0.707314	-12.1672
-1.75928	-7.73741
2.73501	-2.96479
-3.43458	-16.195
-11.727	-14.8002
-9.421	-16.0616
-7.10494	-17.0355
-5.81457	-15.9648
-2.42874	-15.1233
-1.63325	-14.9304
-1.89281	-13.821
0.114172	-13.7527
0.336336	-13.2645
-0.386425	-11.6385
1.34834	-12.7674
0.160649	-11.273
-0.068956	-11.6063
-0.538457	-8.77546
-2.67077	-2.73452
-3.26822	-10.7534
-3.34936	-12.1741
-1.69858	-15.0491
-1.04316	-15.5078
-1.31345	-13.3753
1.09768	-17.837
1.97527	-20.2941
1.9757	-20.5449
1.2663	-20.198
0.655656	-19.1372
0.168977	-19.3468
-0.536342	-19.5334
0.336008	-20.3252
-7.09223	-18.7422
-4.40646	-23.1814
-1.38218	-22.6407
-5.49746	-18.8364
-4.33788	-17.4952
-2.55605	-18.2035
-0.0582282	-18.6422
2.59134	-17.0204
1.05191	-17.9504
2.34822	-17.9228
3.70398	-15.3745
2.1256	-8.82419
-0.387919	-5.63693
-2.30904	-4.30732
-4.32203	-5.6414
-6.68377	-4.89845
-10.9094	-3.21935
-4.81786	-6.77214
-7.66864	-0.0146602
-7.50034	-6.64403
-7.03764	-3.97966
-7.8576	-7.0177
-6.72128	-2.4983
2.38498	-3.66093
3.02078	0.843974
0.0685241	-4.76955
-1.51064	-6.72067
2.85248	-7.72376
1.69342	-7.43782
-3.72042	-8.36755
-4.54508	-3.22027
-3.35601	-11.4655
-2.4949	-7.10634
-6.60177	-0.223721
-6.0173	2.19873
-5.41722	-2.11447
-11.4402	-3.71612
-12.1598	-3.68757
-13.372	-2.37757
-9.04186	-4.12258
-2.78587	-5.01598
5.24722	-12.259
6.27702	-11.8257
7.31083	-9.74929
8.69595	-11.7904
7.8775	-9.1988
-0.309058	-11.7229
-0.965553	-7.7734
1.01919	-7.94475
-1.29664	-6.62612
-0.127544	-8.10915
1.60001	-9.65092
0.540186	-8.4265
-0.862022	-6.20599
-1.67065	-4.44878
-1.30402	-5.97898
-0.732349	-6.4749
-1.80405	-4.83248
-1.82177	-4.78496
-3.27491	-4.21369
-1.21342	-6.32425
3.45267	-2.79576
-0.06327	-7.6238
-1.61417	-10.0764
3.37655	-6.41809
3.76572	-4.05515
0.0696484	-3.22599
-1.49583	5.2204
3.16521	4.17423
-5.04668	-7.85996
-6.41491	-7.52389
-10.884	-2.94143
-11.1191	-2.24262
-9.42034	-4.35182
-7.39266	-6.5461
-7.9825	-7.64659
-7.6352	-9.16046
-9.26629	-7.40104
-8.08786	-7.17069
-6.6673	-7.55697
-4.02057	-11.0021
-2.9645	-16.8152
-2.03242	-20.6759
-1.14172	-21.7971
0.0080163	-10.74
3.22362	-13.919
4.25683	-15.7308
2.7694	-15.8801
1.44703	-15.4925
1.70146	-11.5142
0.947944	-8.8381
1.7505	-10.4731
4.32013	-2.75086
-5.66061	-9.35354
-8.52202	-8.96981
-7.18421	-5.23474
-4.00194	-8.5534
-5.30315	-6.34514
-8.65996	-5.15267
-2.25189	-9.69966
-0.222859	-3.44576
2.25674	-2.97628
0.862728	-6.39675
2.95423	-6.0587
2.45328	-5.37022
3.26305	-6.83576
4.8199	-15.3129
3.96769	-19.1234
0.537279	-18.8234
1.87472	-24.0354
1.45978	-24.1741
1.31521	-24.2406
3.87016	-20.3736
1.60086	-11.9447
1.97203	-15.7995
0.120636	-17.86
-2.29631	-16.628
-3.51715	-13.7308
-4.96537	-10.8759
-5.24253	-9.81413
-5.5292	-9.31149
-6.0153	-8.86156
-6.03983	-9.71835
-5.10886	-10.8968
-6.38538	-8.73217
-10.2224	-4.00661
-10.3142	-4.29183
-7.85584	-6.23637
-1.35666	-7.86569
2.22728	-2.79514
2.58228	-7.28763
-3.97247	-13.8737
-3.51014	-12.2664
-5.4218	-9.30958
-5.9603	-7.89458
-8.38269	-5.8474
-1.44395	-4.03189
-8.52331	-7.57712
-10.2839	-7.0121
-6.54312	-9.20107
-5.14005	-10.922
-3.92398	-6.18351
-2.30163	-3.74588
-4.14655	-6.63399
-5.23538	-6.00592
2.66373	-2.9549
0.668869	-4.56031
-1.70151	-5.28121
-7.7716	-11.6785
-4.86233	-12.0928
-4.72131	-12.7129
-6.16956	-12.3986
-1.52077	-8.19719
-0.7731	-8.45365
-3.61992	-8.14673
-4.37374	-6.89339
-4.92418	-6.05702
2.92768	-8.85853
7.95704	-12.314
9.00679	-11.7163
7.88965	-10.5313
6.79029	-9.71207
1.59478	-9.28834
-3.63328	-9.94686
-8.68487	-3.25874
-7.34588	-2.33961
-6.18148	-2.46647
-4.9521	-4.47316
-4.7559	-6.02666
-4.02737	-8.59699
-2.47987	-12.7629
-2.0064	-13.361
5.08018	-8.44001
0.0645393	-4.26041
0.501769	-5.55054
2.5188	-1.49537
-3.42473	-4.95392
-4.38749	-4.95697
-4.41196	-11.7569
-8.71115	-17.3776
1.19809	-18.7394
-2.92199	-19.0523
-0.970217	-21.7975
-1.85902	-19.3105
0.539039	-19.6882
5.84986	-21.9389
5.1221	-17.3385
5.37226	-12.6685
1.95817	-10.0787
1.50325	-10.1511
5.6208	-9.74774
5.28624	-9.20846
4.7955	-8.38555
5.18081	-9.10061
5.91262	-11.3613
5.08777	-9.66609
6.62995	-6.09125
1.90611	-8.28612
1.36348	-10.7568
0.907668	-17.1812
1.4194	-19.3761
-1.1497	-15.6381
-2.76109	-11.651
-3.27489	-9.98908
-5.63832	-7.59196
-4.79644	-4.251
1.36537	-5.41908
6.52712	-6.49405
3.53398	-11.1822
-2.64011	-12.7968
-2.83849	-9.29282
-2.3492	-7.89371
-5.83777	-12.7892
-7.46703	-9.06499
-5.82154	-7.41452
1.11224	-5.51426
2.31888	4.04329
-4.66891	-7.98545
-0.76036	-1.81262
-7.16557	-8.34673
-6.72587	-7.65945
-0.861743	-7.37848
5.32432	-9.67403
6.9645	-11.9844
7.58481	-12.4353
7.33074	-12.0657
7.26185	-13.0854
6.87527	-10.9365
7.90663	-12.5275
7.33107	-11.7747
7.77466	-12.8221
7.79139	-13.7893
7.79112	-15.9545
9.15301	-16.1852
6.2597	-10.6627
-2.09225	-9.50279
-4.13989	-10.4992
-4.07464	-11.548
-2.67589	-13.0961
-1.92324	-13.1663
-1.60587	-12.8439
-5.25052	-8.39399
-5.16271	-9.27943
-5.88174	-9.25231
-2.68992	-10.6052
-1.46208	-13.2734
-0.766626	-15.1451
-2.99296	-14.0344
-5.41885	-12.7455
-7.14792	-10.5926
-7.43844	-10.7644
-5.74847	-11.4995
-6.95275	-7.63554
-8.96877	-2.87806
-6.56846	-5.45803
-5.02937	-1.74439
-3.79561	-3.90259
-8.98388	4.68557
-14.4943	1.27026
-7.20541	-0.951073
-8.58746	-4.22863
-10.3362	-0.838351
-14.5705	-5.60782
-9.81254	-5.26557
-1.94489	-0.516233
-5.52742	-3.68771
-12.1092	-2.67587
-10.9258	-2.00586
-10.1547	-2.05026
-8.23709	-4.23835
-9.29659	-2.7538
-9.80195	-5.28697
-5.05803	-8.61952
4.82434	-9.84518
5.53662	-7.02977
5.47334	-3.38505
-5.0474	-0.292875
-7.5271	-5.30215
-7.07269	-3.81947
-6.55482	-7.76524
-6.89427	-7.94016
-6.14451	-5.55462
-5.27131	-4.07236
-3.3674	-4.13182
-0.137189	-4.83521
1.25181	-4.33609
1.90686	-4.70267
2.56649	-5.09096
3.09416	-5.65656
5.29363	-8.2498
5.99823	-10.6512
2.54923	-10.303
5.44607	-13.8243
2.51774	-12.5574
5.60307	-14.7811
4.10436	-5.54778
5.86951	-12.7314
1.6125	-7.48495
3.16679	-12.0725
2.55642	-11.3812
0.559212	-10.9061
1.72192	-8.39256
1.01938	-8.40724
8.11193	-5.11027
8.48046	1.07831
9.01842	3.88765
3.66081	-1.44791
3.39225	0.89977
0.326629	3.54884
-0.661759	-3.69121
4.7396	-1.1914
1.2405	0.540066
-0.733887	-4.49807
0.596936	-7.24368
-1.34812	-3.85341
-2.07066	-6.99789
-0.443673	-7.1911
0.630306	-3.01669
0.660002	-3.9074
-4.78888	-3.92244
1.15308	-2.70872
-0.0468562	-7.0734
-2.35935	-1.38291
3.53869	-1.4733
1.10748	-8.60992
3.87095	1.78501
1.54572	1.64642
0.585343	1.39438
5.18882	-2.6584
-5.93791	-13.5649
-8.83096	-18.2095
-7.46435	-22.3954
-6.40888	-18.6632
-5.8211	-16.0105
-0.795477	-12.4707
-0.848486	-10.8221
-0.61657	-10.4597
0.0525684	-8.8045
1.07319	-7.99624
1.4517	-8.55139
0.953328	-8.68997
0.988371	-7.89542
0.573548	-7.55512
0.60253	-7.59293
-0.53151	-9.23403
-3.18482	-11.2834
-6.5362	-10.9744
-8.13374	-5.25052
-8.90652	0.313563
-6.36	0.213198
-6.08101	-0.0137584
-0.362885	-2.91619
3.14467	-1.03025
-4.63668	-5.06902
-7.75437	-0.576999
-2.68696	-1.66008
-7.42711	-4.11505
-9.08968	-6.72668
-7.57716	-13.6175
-6.26869	-10.3077
-5.67484	-8.21303
0.107905	-15.3619
-1.73446	-14.479
-5.70136	-9.99895
-2.82895	-13.0702
-2.92963	-16.3869
-3.63834	-18.0533
-4.02837	-21.1059
-5.54039	-22.5838
-6.11547	-23.1892
-7.0005	-20.285
-6.14005	-21.164
-1.13252	-10.9635
-0.575616	-10.987
-1.85883	-12.9319
-0.213099	-13.6427
-0.268978	-13.5633
2.21767	-12.0422
3.84586	-10.7935
3.13291	-11.7651
3.69796	-12.4899
2.19192	-5.44819
3.09382	-20.7791
-0.613672	-15.1167
-2.46635	-16.4414
-2.94865	-14.1683
-1.99208	-12.7834
-2.86743	-12.2904
-4.44347	-11.6943
-6.75683	-10.4711
-7.1255	-9.8028
-5.52039	-8.82858
-5.06352	-9.04813
-4.07937	-10.6058
-1.82181	-13.438
-1.32575	-11.3834
-1.52011	-7.87377
0.577271	-6.43607
1.17109	-9.85406
1.4615	-3.53363
-6.74507	-2.79229
-16.9637	-3.27761
-8.21479	-4.72866
-4.42495	-6.75061
0.962694	0.623548
-2.22866	0.374742
-5.43109	-6.69124
-4.27707	-12.6289
-0.305447	-9.18065
0.0960005	-9.62122
-1.69485	-10.8859
-4.03428	-11.9804
-4.43461	-12.1536
-5.91405	-9.83035
-6.29616	-7.77232
-4.66806	-6.6888
-2.56941	-8.11931
1.65398	-12.8834
4.16635	-16.5527
3.81719	-14.8786
6.15958	-16.8052
8.22428	-17.0542
9.06195	-16.9919
7.01475	-14.4923
-3.67092	-5.93246
0.744388	-9.98934
-0.59427	-8.41475
-0.0770108	-8.33117
0.233547	-8.27958
-1.06258	-8.23241
-0.403029	-8.6266
-1.3887	-9.32486
4.63548	-2.72908
-5.63533	-1.85987
-9.47177	-4.12621
-10.3754	-1.32052
-5.34062	-3.84684
-5.38559	-4.91493
-5.63227	-8.42881
-4.86943	-5.79625
-7.04663	-15.6546
-3.92912	-13.9115
5.91674	-5.96658
1.57507	-15.3176
0.468323	-15.4974
2.04684	-17.8677
0.423267	-16.3473
0.197815	-15.2616
-1.74728	-13.3494
-2.54054	-12.2899
-3.67038	-11.7913
-4.46276	-10.5175
-3.57034	-10.5715
-2.75109	-11.3299
-2.5445	-10.8151
-4.00081	-8.61386
-5.12676	-7.09916
-7.77836	-2.98995
-8.98662	-3.91499
-7.03191	-8.46316
-0.204769	-17.1469
4.09604	-14.4007
2.32695	-14.6078
-4.16633	-9.03545
-5.19226	-7.5844
-1.89494	-6.37828
-5.06688	-5.52263
-7.03173	-7.74306
-3.71204	-11.0163
-2.55824	-11.4589
-4.91153	-10.5433
-2.39414	-9.00431
-2.44887	-10.2403
-1.70656	-12.6619
4.75302	-14.3048
3.59343	-13.7911
-0.932808	-13.3451
2.28313	-12.6786
7.84888	-10.9194
1.35887	-12.9825
5.12981	-17.9195
0.936691	-14.2013
0.275111	-18.5985
-1.88726	-15.2447
-2.76179	-18.3144
-4.56666	-16.3031
-4.23907	-18.4588
-2.94475	-18.8193
-4.27526	-18.6054
-4.79873	-17.6445
-1.8618	-18.6737
-1.44566	-20.7349
-0.843053	-19.46
-0.298516	-17.5866
1.04593	-17.0513
0.536088	-18.8243
1.75981	-12.3623
3.79299	-11.8257
5.49775	-12.1784
7.00494	-10.407
12.3852	-4.46271
6.61622	-9.52165
6.41515	-1.80585
2.71575	-5.06612
1.16544	-4.20773
1.19974	-4.6147
2.30418	-4.94214
0.628496	-5.07036
-0.255009	-7.89697
-2.22403	-6.04959
2.21025	-6.50587
0.525069	-6.53104
2.64215	-0.185944
0.102426	-5.99094
-1.11898	-2.26572
0.92422	-5.03787
1.36515	-2.64585
1.45591	-2.05549
1.52332	-5.72233
-0.193126	-3.96352
2.88651	2.63101
0.26031	-6.61933
0.182453	-1.32583
0.225414	-7.07373
3.55261	-3.66656
-0.0795702	-13.5558
-2.81674	-24.2128
-0.691926	-17.6034
7.77372	-13.0855
2.5551	-14.0795
-2.52076	-17.877
-1.44537	-21.3034
-2.42385	-23.5174
-0.583968	-20.1269
-1.49226	-8.76985
2.35173	-4.89996
-1.63265	-2.37007
-7.35843	-1.84122
-8.65205	-4.97219
-6.43981	-3.1514
-8.78384	-1.98246
-4.56909	-8.53449
1.75489	-4.88913
-0.113814	-6.55466
-2.14561	-10.2886
-2.49147	-10.7496
-1.31973	-10.7581
-0.87496	-10.5451
2.29378	-14.767
3.01904	-16.4775
2.80122	-18.3655
2.87499	-16.013
-0.821105	-11.0009
-0.486942	-9.63401
-0.141202	-10.7228
-1.58851	-9.74129
0.0664234	-9.94066
-2.34566	-8.46547
-1.63292	-8.2218
1.0003	-12.269
-0.58838	-9.39305
1.34048	-13.3063
2.08664	-20.7707
5.81346	-21.0306
7.56969	-21.9487
6.98924	-23.4832
4.1931	-20.5917
1.00788	-18.7164
-1.86467	-16.0344
-4.18371	-13.9034
-6.09714	-11.5936
-7.63792	-9.8486
-7.69434	-8.05347
-8.3207	-6.34725
-6.42154	-5.09231
-4.93018	-2.57769
-1.93865	-4.85505
2.3821	-10.2934
2.50571	-9.34169
3.12307	-1.27344
1.80678	-4.16587
-0.17368	-9.9957
-1.6314	-9.77833
-4.21462	-9.55251
-3.21074	-11.5852
-2.64359	-13.6372
-2.25403	-14.9094
-2.50621	-17.0744
-0.965089	-19.9233
-0.111488	-20.4389
1.9798	-17.5144
0.317322	-17.5794
-0.631088	-17.7219
-2.7413	-15.9571
-1.00455	-19.5571
-0.593662	-17.6255
-0.99787	-11.1283
1.48484	-10.2137
7.29026	-7.62287
3.56812	-3.48788
-0.623327	-13.7153
2.67525	-7.95582
1.97895	-9.6573
5.0473	-18.5095
0.341136	-22.1664
-2.95104	-19.189
-0.317173	-17.6746
1.21773	-15.9777
2.88019	-12.6852
2.96097	-18.9593
4.53247	-17.5971
5.93102	-17.9144
6.65148	-16.1301
7.94862	-16.4809
7.76203	-16.5582
8.64073	-16.916
8.41008	-15.8762
4.45339	-11.9094
1.18501	-11.5138
0.786599	-10.3605
0.804227	-14.4086
0.606799	-15.0198
-0.0773197	-16.7571
-2.47092	-17.6716
-2.69107	-20.0261
-3.56388	-21.2731
-4.57296	-22.7304
-1.59721	-23.5018
-1.6493	-21.8361
-1.37507	-20.0402
-2.46255	-18.5808
-2.92319	-19.4313
-4.2642	-21.4528
-3.6162	-21.2191
-3.90447	-22.2353
-4.25832	-22.9477
-3.32141	-24.3434
-1.96797	-24.6153
-1.82707	-21.668
-1.17083	-19.0484
-0.311156	-18.4493
0.00759069	-15.7747
-0.089056	-12.3969
4.79614	-12.374
8.70062	-12.7585
6.17565	-7.95263
3.69859	-5.1137
4.71338	-7.6729
3.82434	-7.30699
8.36673	-11.1003
2.97016	-8.51626
7.93782	-10.506
5.80487	-6.66718
6.75241	-2.11579
5.42801	-9.83913
5.54825	-7.07223
3.43678	-6.407
-1.87345	-6.66134
-1.54622	-5.39273
0.318821	-11.4545
3.30336	-6.16178
-4.93802	-5.15453
-8.4176	-6.01383
-5.14025	-8.73882
-3.71438	-10.9616
-5.45298	-9.73936
-4.96091	-12.2079
-3.28413	-14.7938
-2.55727	-13.8287
0.241123	-8.08325
-4.48637	-7.62793
-6.7039	-8.64732
-3.26792	-7.89347
-3.60163	-12.4366
-4.60764	-8.42706
-4.75036	-7.12613
-14.3705	-3.36276
-11.7574	4.30827
-12.3987	-3.14987
-8.4781	-6.93993
-4.44058	-5.42049
-6.26635	-8.81953
-5.94727	-11.7452
-3.43093	-8.88347
2.22061	-1.67658
1.48546	-1.06297
2.56083	-6.43073
0.366247	-0.662632
2.51093	5.30196
1.08172	-2.82042
-10.0903	-8.81748
-12.8116	-7.9534
-10.9231	-8.30708
-9.04734	-7.68517
-9.39796	-4.63966
-4.34595	-10.6821
-3.23487	-5.2067
-4.94429	0.364863
-7.31742	-4.35627
-12.0418	-0.825476
-11.5728	-3.27412
-13.8575	-4.6183
-9.51708	-5.70179
-12.7062	-8.68754
-13.6922	-9.46509
-5.8997	-11.8595
4.1205	-13.8368
2.24735	-21.1046
-0.926815	-21.4454
-1.00191	-20.9044
-2.1956	-21.3279
-0.767648	-23.0153
2.42423	-24.4964
3.55274	-25.8849
5.52074	-24.0124
7.53587	-18.04
3.45388	-9.84201
4.35855	-6.16796
4.87355	-9.4247
1.57823	-4.31291
3.58265	-4.55246
4.68199	-10.2221
6.3668	-7.84101
8.02954	-10.0389
3.67118	-9.02446
3.92206	-16.361
7.14145	-20.658
4.77387	-16.9223
4.39384	-15.461
2.33648	-13.9391
1.50714	-13.7922
0.841158	-13.789
-1.82224	-13.0726
-5.38046	-8.57105
-1.06376	-6.73073
-6.49627	-4.48315
-4.84967	-8.87705
-6.4694	-4.21441
-1.97556	-2.45419
-1.51571	-6.50867
-0.325962	-7.06906
-3.93802	-10.0547
-5.22642	-10.088
-4.36378	-5.37274
2.85001	-3.3717
2.02567	-6.49218
4.62958	-4.84545
-0.850627	0.310422
-6.28857	-7.19082
-6.83378	-6.43255
-9.03559	-2.64636
-4.21572	-2.77065
-11.684	1.38784
-11.0589	-0.971531
-10.9358	1.25816
-10.8272	-2.41367
-10.7148	-1.56732
-15.4754	-4.39943
-12.524	-4.12643
-13.9895	-2.42123
-14.2951	-0.64538
-9.98449	-2.45278
-12.7463	-2.65676
-9.2388	-4.00791
-1.39306	-1.26508
-4.58002	-3.18163
1.11153	0.19658
3.16344	-2.47712
2.46396	-2.94871
-0.177421	-4.34683
2.24301	0.469399
3.13903	-9.86286
3.99596	-7.12464
-0.537278	-8.82555
-1.17163	-0.0358195
1.11408	-2.15488
1.49324	-2.88313
0.12595	-4.76132
3.96045	-0.630392
1.06674	-3.39922
-0.079825	-2.33597
1.70819	-2.9999
3.47451	-2.81189
1.83401	-3.88179
4.0724	-4.30176
5.78926	2.30999
-2.14792	-3.67773
1.91274	-1.97139
-2.69015	-4.04596
1.18045	-5.40669
3.51902	-4.54544
-3.89494	-12.4162
3.79162	-3.94828
1.14449	-2.72667
-11.4249	-12.974
-3.46471	-10.0004
-9.63138	-18.3761
-8.89044	-20.4608
-5.67415	-17.0094
-3.74979	-13.5732
4.2184	-3.76495
-9.87582	-10.5728
-10.3738	-14.694
-7.80179	-18.0878
-10.4875	-14.0768
-6.06738	-19.4967
-7.11252	-16.7027
-6.35653	-15.972
-3.59264	-15.9542
-1.65817	-16.6909
-5.44456	-7.17993
6.95126	-9.69343
4.29482	-3.91592
4.25392	-5.22294
2.98708	-12.0038
5.89018	-7.38465
0.383008	-6.90602
-7.03049	-12.4472
-7.7636	-10.2816
-3.43308	-9.40308
-2.73873	-21.5127
-2.97015	-23.7186
-4.40096	-23.7402
-4.2584	-26.4121
-3.29409	-24.4434
-0.629344	-24.6598
-1.15505	-24.1687
-1.11388	-25.7138
-2.81104	-26.1631
-3.68392	-25.0115
-7.03908	-21.16
-11.7332	-16.87
-12.4474	-11.3115
-4.22557	-13.2562
0.499511	-14.3279
-0.69443	-15.6056
-2.95902	-16.5497
-1.51062	-16.8329
-2.99176	-16.1671
-4.14895	-15.4304
-5.97493	-24.0393
-3.95352	-25.0841
-1.98651	-22.7679
1.77932	-19.8825
2.8053	-15.9938
1.26951	-18.1971
-2.01802	-17.8605
-3.29138	-17.5936
-4.60207	-14.211
-7.41387	-11.6805
-6.94631	-15.4144
-3.38596	-20.9736
0.325975	-14.1404
-1.87367	-4.88514
-0.428356	-6.64957
-3.24011	-11.6452
-7.41374	-8.46573
-5.30147	-4.46903
-7.47439	-12.3224
-6.95691	-16.9931
-3.36816	-13.9155
2.58997	-8.9235
-0.368418	-9.69297
-5.20114	-10.2113
-6.71872	-8.39748
-3.74198	-11.7671
-3.16619	-14.0375
-1.51636	-14.0276
-1.39097	-10.7614
2.81167	-6.78588
1.18106	-8.72498
4.51358	-14.0253
3.9041	-13.9714
3.5504	-16.2266
6.24643	-18.6001
7.40912	-20.2822
7.15896	-18.6746
7.02559	-18.2503
10.0387	-17.8326
10.6928	-17.622
9.83471	-18.4406
5.54427	-13.4003
1.55156	-18.1438
1.8675	-22.8211
1.21482	-23.7718
-0.676844	-21.7088
-1.09239	-20.4505
1.94751	-14.564
1.69355	-14.4797
3.36953	-16.442
1.16773	-11.7843
1.19825	-9.27204
-0.108875	-9.51784
2.85696	-6.81258
-4.92803	-4.87842
-2.81416	-2.42808
-3.11247	2.60031
-2.20932	-4.11324
0.716437	3.39002
1.69483	-1.39408
8.52798	0.824139
1.74381	-13.7967
-1.5437	-7.51469
-5.49796	-8.64715
-6.48545	-8.81498
-5.63317	-10.6932
-6.13729	-10.8568
-5.32933	-12.5655
-6.98606	-13.4597
-7.48135	-13.7858
-6.98589	-13.6632
-6.25976	-13.5325
-5.22898	-13.6483
-4.23941	-13.6694
-4.36219	-13.713
-3.95605	-14.088
-1.50301	-16.036
-0.3534	-15.0294
-4.83283	-7.92027
-8.1283	-6.74786
-7.4721	-4.81826
-3.96407	4.08863
-7.89388	3.11769
-11.8537	-2.04267
-12.9302	0.522721
-4.88175	-3.91424
-2.74346	-1.50631
-1.03432	-9.01153
-1.80314	-5.41705
-1.68644	0.916668
3.49554	2.03524
-3.60772	-4.76798
-6.22547	-0.857135
-1.77051	-4.77571
-3.8049	-5.83583
-1.24585	-9.14726
7.43883	-10.9693
8.49387	-12.0835
7.86893	-12.2974
8.20553	-10.9552
9.20567	-10.268
8.18472	-9.96666
4.56886	-7.81005
3.3635	-7.26427
4.93544	-6.97431
6.08322	-9.8868
8.73559	1.43457
3.15791	-4.17888
-1.13802	-7.10678
-4.6222	-10.8156
-7.81742	-14.3185
-4.6756	-11.0535
6.38963	-12.7865
-1.8793	-15.5042
-0.0907278	-11.7652
-0.487516	-12.0469
-2.21943	-15.0289
-3.12319	-15.1322
-1.0494	-17.0009
0.235891	-17.0352
0.766541	-17.1634
0.905636	-19.1579
0.278807	-17.6882
1.04505	-17.4897
1.46654	-19.1127
0.828146	-17.4033
2.611	-16.0453
6.09187	-10.0917
3.94989	-10.7347
3.15476	-9.28498
5.51111	-11.4223
3.17013	-9.78982
5.83261	-10.026
5.37208	-12.7493
1.98601	-9.97266
-3.47604	-12.882
-8.28491	-9.21417
-9.44137	-8.14143
-5.7971	-12.3537
-5.90845	-7.16774
-8.56242	-10.2575
-6.32827	-12.8343
-2.59983	-9.70938
-3.05076	-11.1155
-3.87565	-6.7227
-4.75479	-8.0451
-9.03974	-12.1799
-8.23739	-11.5268
-12.6636	-8.44
-10.1039	-6.3543
-5.28517	-8.1818
-6.34218	-11.2821
-3.7218	-9.32235
-0.583253	-5.86582
-6.63479	-14.2519
-7.41453	-15.1884
-9.33818	-7.07679
-6.06375	-8.02955
-1.31953	-6.85654
-3.65374	-3.60265
1.68182	-3.13839
-2.5318	-7.13893
2.0853	-5.54988
-6.86446	-6.09334
-0.490479	-8.85125
-2.11788	-8.21275
3.94996	-3.40677
2.31929	-5.30279
0.80152	-4.16583
1.4315	-4.96445
0.276588	-12.5955
3.27389	-3.28565
2.76421	-4.9624
-1.38735	-3.44816
2.11442	-4.42829
-2.67784	-5.32199
-0.826317	-6.38698
1.56015	-3.38288
-1.23107	-3.5456
3.02991	-4.79426
2.04057	-2.92573
4.66968	0.213727
1.92123	-0.976188
-4.69269	-4.46144
-3.6824	-8.17725
-8.41344	-8.51014
-3.7168	-2.07592
-6.82553	-2.08032
-10.5385	-6.96317
-9.41296	-10.2488
-3.44519	-10.585
2.42855	-15.5954
3.48967	-20.3458
3.96972	-23.4181
3.29815	-22.8996
3.91658	-23.5794
4.63342	-21.9714
3.55515	-18.7652
1.66529	-12.1123
-0.848416	-8.67338
-1.68135	-4.73988
-2.63963	-1.58314
-8.50218	-6.81162
-7.69114	-7.22491
-8.82231	-12.359
-11.8421	-8.49733
-4.05918	-5.6924
-3.44595	-13.7296
-6.28469	-8.76751
6.82543	-8.71809
-0.244464	-15.9642
-0.324811	-15.3285
-0.42112	-12.5447
-0.16466	-11.0589
-1.73151	-8.40494
-1.67253	-8.44244
-1.86228	-7.47216
-1.53525	-6.35781
0.275678	-7.40153
0.747991	-8.52702
1.10396	-9.92261
1.92789	-11.4811
2.76073	-12.3811
1.97196	-14.8627
1.67646	-16.7835
0.801799	-17.1332
1.30416	-16.6502
3.55729	-16.5369
2.62396	-12.8169
1.28236	-13.4266
-1.3994	-13.778
1.39086	-13.4129
0.018674	-15.3853
-0.267591	-13.002
-1.09787	-7.99999
-0.318821	-11.3355
2.97825	-17.326
6.9485	-9.80294
-10.357	-5.23121
-5.89606	-8.78891e-05
-7.045	-0.804676
-10.4147	-2.96864
-14.7124	-4.38499
-12.3283	0.786518
-14.1095	-8.45835
-11.765	-8.67066
-4.08581	0.223903
-1.38738	-6.32753
-2.10712	-20.7044
-2.44576	-13.4114
2.07446	-3.44866
-2.72046	-5.8206
1.91854	-3.33172
1.57415	-3.76953
5.32259	-10.7526
1.6607	-4.42012
2.65525	-2.69256
-3.99512	-7.5758
4.95465	-7.27013
5.05915	-8.22372
-3.83982	-7.57078
-7.04416	-13.7739
-5.25042	-16.8554
-5.59851	-15.8711
-4.72898	-16.3184
-1.20079	-14.1661
4.94592	-13.0464
3.63649	-12.3051
4.54241	-10.354
4.70805	-9.29004
5.17003	-10.8491
4.72497	-10.1537
7.32288	-9.30534
7.52147	-9.93219
8.22563	-10.6133
9.82087	-12.9123
7.6809	-11.5401
9.96011	-13.5924
11.3757	-15.6234
10.5787	-15.207
3.69114	-10.3411
-0.0783225	-14.141
-0.0574554	-16.7843
-0.29773	-17.69
-1.32622	-17.9188
-1.31662	-18.7916
-1.93981	-19.5868
-2.18568	-20.4738
-1.57283	-21.1932
-1.49078	-20.0851
-1.806	-20.1805
-1.15729	-20.8716
-0.135566	-20.0074
2.20673	-20.0448
0.591631	-16.0255
-2.32754	-12.6362
-1.22324	-16.8443
1.23048	-11.7795
3.8987	-1.92593
-5.27846	-5.66816
-8.68665	-9.57756
-0.817338	-7.01825
-7.52716	-3.76823
-1.89631	-3.70972
-6.20977	-4.39051
-10.5806	-7.95034
-8.92962	-4.4435
-5.89836	-6.62403
-7.59245	-6.97679
-10.1382	-13.2374
0.815837	-9.14881
2.79864	-13.3489
-2.35381	-11.285
-1.12391	-10.3763
-1.8291	-7.14671
-3.4167	-8.20844
-2.44595	-6.00734
-2.34812	-4.94093
1.35276	-3.84911
1.23384	-10.3417
4.71504	-21.8785
7.31902	-4.57036
9.29434	-5.38366
0.667406	-15.4121
2.59143	-18.8352
1.46144	-11.9982
-4.54016	-5.64567
-7.29421	-5.34858
-7.34495	-9.43708
-4.79128	-11.7684
-4.29638	-10.6846
-7.53877	-7.11652
-9.31953	-4.36013
-12.5944	-3.54955
-10.582	-1.64941
-8.42399	-3.03901
-2.84701	-8.04874
-0.512125	-14.7367
0.315099	-19.9737
-0.487842	-21.2274
-0.414431	-22.4864
2.10562	-20.5218
6.22351	-14.3004
4.96639	-11.5454
3.65656	-10.2672
3.05108	-5.19495
5.12431	-10.1582
6.09573	-6.35394
6.06568	-8.51213
4.35708	-4.87495
5.63521	-7.47836
2.33976	-4.74243
4.05417	-5.75088
-0.788665	-9.8988
-2.39391	-12.0519
1.69609	-17.7867
0.467639	-21.6664
-0.13575	-23.8935
-0.991346	-22.546
-2.72977	-21.8389
-2.48479	-21.1624
-1.52365	-20.7042
-1.37634	-19.9992
-2.8099	-18.1851
-2.62006	-18.4855
-3.34537	-17.6787
-2.39487	-19.299
-2.88705	-18.9276
-3.7416	-20.7346
-3.72938	-22.7172
-3.20977	-22.1138
-2.94778	-20.0926
-3.70609	-18.242
-3.19509	-14.8963
-2.74638	-13.5791
-0.845564	-13.9401
-4.81289	-10.2663
-2.4211	-9.22298
-0.762242	-9.94661
2.86972	-7.77114
0.538376	-7.7239
1.93221	-6.76025
4.36529	-3.29339
-3.77146	-7.83729
-4.85508	-7.69704
-4.49078	-13.772
-1.93935	-6.39421
-1.20085	-3.25394
-2.42158	-8.05849
-5.01459	-3.99737
-3.24924	-7.26422
-5.77544	-7.31296
-8.1611	-7.02539
-7.96491	-10.4199
-9.01708	-14.0848
-4.21022	-3.03004
-3.32363	-4.56488
-4.88299	-1.00468
-3.31009	3.3751
-4.59616	1.55138
-2.57493	-3.79108
-0.611894	-2.54506
-0.905729	-3.6735
2.15483	-3.57404
0.292579	-2.57388
-1.55087	-5.91342
-0.675681	-5.34453
0.68119	-4.99089
-0.468528	-9.29806
5.6887	-7.669
2.37638	-10.8807
-0.375084	-8.17971
-1.65486	-14.679
-1.48821	-8.33003
-1.03521	-14.8717
-4.92671	-18.4764
0.00884021	-14.8482
2.57368	-15.9157
1.80073	-20.0924
1.2696	-23.1484
-0.700056	-22.4174
-0.213048	-23.2037
-0.694931	-22.2569
-1.51745	-22.6848
-2.57345	-24.5466
-4.84564	-24.6081
-5.76847	-22.6671
-5.91037	-21.5907
-5.36361	-22.547
-4.88685	-23.1027
-2.9032	-23.0484
-1.00855	-22.3022
0.137181	-22.4897
-0.305995	-20.6549
0.449619	-18.675
0.776428	-18.4887
-1.36297	-16.7768
-0.5358	-17.7471
-1.67787	-17.2521
-2.28711	-17.12
-2.41129	-20.8659
-1.17597	-17.8078
-0.0792624	-20.227
2.03892	-20.4329
1.68	-17.9993
1.13008	-13.1741
1.68432	-10.8941
0.695575	-12.4825
-0.0247236	-13.7288
-0.833001	-12.7466
-0.611545	-11.7005
-0.587559	-10.7442
-0.526138	-10.6302
1.02578	-11.1621
1.9347	-11.778
6.61967	-15.7267
2.70158	-17.9094
0.595685	-12.7407
0.116966	-14.1956
-2.07796	-12.7293
-2.03128	-9.49204
3.04273	-9.7008
1.01307	-3.9588
-7.80667	-5.58883
-3.19948	2.6039
-6.21671	-2.91744
-7.15012	-8.71751
-7.56242	-7.52607
-7.69163	-5.64901
-9.58494	-7.24365
2.25088	-7.10497
3.46592	-6.01155
-0.0846398	-9.15838
-3.95938	-9.07503
-5.34913	-7.14743
-4.99458	-8.68882
-5.31771	-8.8014
-5.60796	-7.85168
-6.28689	-7.58637
-6.43538	-7.69793
-7.84609	-7.63981
-8.97086	-7.58772
-6.9743	-8.04212
0.0828955	-1.29959
2.85038	-1.70314
-0.093101	-0.470314
-4.97556	-3.20461
-7.54547	-11.3281
-4.95946	-6.45036
-0.668485	-4.84768
-7.23497	-5.82462
-9.72039	-5.02083
-8.13703	-8.75426
-7.11069	-9.9613
-8.08685	-9.37418
-6.93	-10.6429
-5.24444	-12.2873
-2.75152	-11.2172
2.93774	-5.95394
0.437093	-8.2231
0.371192	-5.69647
1.76133	-8.27071
-4.1889	-3.24893
0.698069	1.82273
-2.78477	8.09711
-4.59101	5.63626
-5.66182	6.32581
-5.82463	-1.93437
-1.79631	-4.19054
0.0289343	-8.35693
-0.523524	-10.0143
-2.53174	-9.60802
-3.83978	-10.7368
-1.66265	-15.2251
3.25342	-18.522
4.44103	-14.4731
2.06518	-15.0213
-0.124009	-14.7293
-2.53881	-11.2173
-5.10149	-6.94787
-6.05305	-4.22465
-3.09344	-6.41671
-4.80574	-4.8675
-4.11119	-6.06366
-2.88668	-7.19311
3.68885	-16.9257
3.76934	-17.4429
2.44636	-17.1646
3.72113	-16.6465
-0.981483	-14.7054
0.828785	-9.5876
3.02045	-8.80851
4.26316	-5.95452
-4.48501	-4.77662
-7.93221	-13.5705
-6.62239	-12.1811
0.502246	-2.90806
-4.50526	-5.48337
-6.95438	-8.40024
-8.35847	-8.49606
-8.57345	-8.84875
-8.99269	-8.51272
-8.66947	-6.47626
-2.869	1.43806
5.35645	-6.80176
4.08487	-4.2391
2.30659	-6.23172
-4.24617	-17.3972
-4.73235	-9.39244
-5.28785	-12.3425
-2.68912	-12.0158
3.91478	5.12214
-7.70231	-7.92897
-7.68021	-6.48677
-7.44616	-6.33574
-8.30588	-5.66405
-8.10975	-7.3815
-5.6361	-9.97976
-4.53699	-10.4476
-3.98884	-10.6035
-2.88158	-10.9625
-0.252012	-11.052
-0.737142	-10.9304
2.61314	-11.3717
3.14312	-9.53257
2.74498	-8.17889
3.89951	-8.15579
3.66241	-6.75664
4.17982	-2.82797
-0.798537	-5.61728
-8.30903	-18.9728
-0.361261	-18.6075
1.03867	-19.457
1.01919	-16.7122
-2.05122	-18.5692
-1.25004	-20.4793
-0.498427	-20.0729
-0.337102	-21.6607
-2.58468	-17.4613
-1.61624	-17.7769
-2.38073	-19.3347
-1.52367	-21.8722
-1.73314	-22.4832
-2.30508	-22.5467
-4.02807	-20.335
-2.75697	-20.787
-4.49559	-22.4412
-2.47733	-17.173
-4.00592	-9.56755
-0.974324	-8.95466
-0.479331	-3.57838
1.61925	-2.90914
0.812451	-0.268287
-0.0857423	2.2621
-1.79592	5.74928
3.33179	6.91359
1.15386	2.22545
-0.264544	3.73054
-5.69249	2.28621
-1.87873	-0.716336
-4.17504	-2.99363
-0.0936421	-2.80985
0.70467	-1.10661
2.60473	-8.39422
0.47393	-2.86603
4.11693	-0.478659
-1.31321	-3.70769
-2.39873	-7.86149
-3.34757	-7.84878
1.23506	-2.7612
0.842686	-5.7262
-1.26437	-6.09098
-1.59939	-6.47674
2.0783	-8.83779
1.19949	-5.68372
-2.17447	-7.15265
-0.240865	-4.89529
1.24033	-6.25257
-6.37857	-3.42741
-0.802252	-4.48533
-2.44137	-3.00974
1.94691	-3.35404
-0.282429	-6.74082
2.48752	-4.77297
-0.0893844	-4.88252
1.13204	-1.61567
-4.55274	-9.82434
-3.99135	-10.1338
-1.92293	-14.3495
-0.0625633	-14.6494
-5.39089	-11.3723
-6.1923	-11.4461
-4.24599	-12.7274
-6.42404	-11.5245
-7.41314	-9.52481
-7.73025	-9.21208
-6.61445	-10.8587
-6.75292	-10.2569
-4.50931	-9.02236
-4.74261	-10.0631
-2.71404	-0.669345
-13.111	-3.16816
-8.09699	0.383297
-9.94598	-6.86975
-10.6147	-7.02132
-8.12154	-9.48234
-7.42386	-8.32133
-3.96494	-4.97684
-5.85732	-7.94372
-7.32582	-8.80015
-8.22186	-10.0121
-6.19764	-12.335
-3.75019	-14.0021
-1.62489	-12.3868
-2.72341	-6.60048
-3.33695	-6.82821
-4.18932	-8.10767
-5.97363	-7.07917
-6.83194	-6.95796
-5.87938	-5.82166
2.56744	-6.55282
0.710204	-10.3118
-0.703245	-7.22625
-0.296148	-11.5639
-1.92732	-10.1666
2.75492	-5.75092
3.20884	-10.7017
-0.95612	-5.87625
-2.99978	-7.12496
-2.8793	-8.01342
-2.1728	-8.3283
-0.483302	-9.44071
-0.571111	-9.02221
1.34313	-10.2798
-0.115624	-8.95713
-1.4293	-7.71015
-4.86864	-5.0979
-1.96618	-6.67473
-2.18714	-5.88628
-2.87279	-6.65552
-2.8969	-7.32141
0.748249	-13.072
-2.05528	-10.818
-2.27211	-10.5576
-1.95279	-9.78505
-1.50214	-9.5601
-2.66542	-6.44056
-4.20749	-2.39978
0.79311	-3.40095
-5.00662	0.729191
-2.66327	-1.9904
-4.06077	-2.75627
-3.53199	-3.8884
-3.38782	-7.99167
3.53573	1.90711
-2.75122	-7.67619
-5.60467	-2.95535
-8.14333	-6.52631
-7.7837	-8.31266
-3.94598	-10.4237
-0.875559	-7.71093
-4.45656	-2.32182
-5.03221	-0.710554
-6.14332	-3.17521
-5.61032	0.291919
3.84619	-3.33072
3.13184	-4.70527
2.84139	-10.1803
2.48931	-8.2187
-0.963981	-4.86653
0.262838	-11.8593
-0.437794	-11.3716
-8.58193	-11.6733
1.49395	-16.8463
0.0464631	-13.1514
1.52017	-19.0853
-0.378813	-20.1357
0.521183	-22.209
0.115345	-22.7861
1.00545	-23.9133
1.01525	-25.0157
0.495863	-23.2116
3.11639	-20.785
1.94715	-16.1567
7.61673	-6.34054
5.62411	-13.6097
-0.205331	-16.4572
-5.03012	-14.1112
-3.35579	-9.21592
-4.61746	-6.37273
-3.65662	-5.16656
-2.89919	-8.73308
-2.84242	-3.11537
1.25296	-16.2211
-3.68192	-13.1217
-5.02186	-12.5054
-6.22119	-11.6508
-4.85812	-12.3857
-5.09618	-12.5179
-6.43074	-10.7977
-6.38767	-10.4491
-6.62092	-8.48073
-7.0565	-7.66247
0.87785	-2.83944
6.40509	-4.3539
-1.16983	-9.52582
-2.8399	-9.06925
-3.3606	-8.87172
-5.5237	-6.88992
-6.662	-13.2736
-5.92545	-13.22
-1.4546	-9.86281
-3.26371	-8.6151
4.34731	-18.6133
10.8783	-18.0009
4.24796	-16.0617
8.13966	-17.5268
2.43527	-19.112
0.588271	-18.4128
-1.86527	-16.5246
0.843583	-19.3887
1.08218	-20.2165
2.20387	-20.0582
3.71824	-20.0516
3.52777	-19.7705
4.45916	-19.9159
3.80448	-16.6059
5.55198	-14.1714
7.87867	-11.299
7.66967	-12.6762
5.01025	-11.4794
5.31484	-10.9284
4.85434	-10.743
4.36527	-10.0139
4.68203	-12.0956
1.51517	-15.1626
-4.28293	-16.173
-6.15771	-14.8926
-6.99946	-14.4542
-10.885	-10.2087
-6.15416	-13.8639
-6.21499	-16.2588
-4.47758	-15.7906
-4.06764	-14.4996
-1.15742	-13.2616
4.59788	-8.50777
-2.19206	-5.275
-1.99012	-0.975989
-10.3493	-5.10629
-9.04584	-4.41406
-8.31602	-1.57043
-12.9936	-3.29501
-15.701	-3.65974
-8.02476	-4.42651
-11.3266	-0.103036
-11.2584	-2.19809
-14.0761	-3.33589
-8.95314	-6.85078
-6.50026	-6.7195
-6.2972	-8.68903
-10.7066	-3.81199
-8.47269	-2.87785
-8.93583	-8.14967
-5.95742	-3.92974
-5.77162	-5.87746
-4.92727	-3.1106
-4.48466	-3.73314
-0.153205	-5.22515
2.13364	-3.53802
-5.35675	-8.08692
-1.10548	-7.05398
-1.46511	-8.57817
3.21332	0.576533
-3.40191	-11.935
-0.554184	-11.7066
2.23124	-11.6962
5.47977	-10.42
6.1569	-13.7338
7.10947	-15.0404
7.33995	-15.4125
4.72031	-14.1713
1.95549	-12.126
-0.165456	-8.1334
-0.622292	-10.056
-0.0949971	-1.36061
1.66349	-1.04438
-3.96614	-9.58689
-9.48915	-5.06226
-10.4483	-2.61132
-6.52576	-6.60636
-4.02372	-9.07855
-4.27178	-9.81776
-6.58516	-9.12683
-3.17147	-13.3149
-3.88287	-13.3676
-3.33973	-10.7965
-0.844537	-10.1232
2.61126	-11.916
7.45813	-15.2763
7.83552	-14.5157
6.98154	-14.4112
7.36982	-13.3498
2.2088	-11.917
-1.56078	-11.8819
-5.88761	-7.11246
-5.35331	-8.1462
-7.79405	-7.92144
-8.99834	-8.57018
-10.45	-7.45052
-11.8887	-7.99251
-13.9357	-7.74078
-15.1003	-8.047
-16.09	-7.97982
-15.8325	-6.97863
-15.3133	-6.61775
-15.6883	-5.13774
-14.7005	-5.78804
-11.9564	-5.58011
-11.228	-3.20245
-9.52037	-3.80886
-10.2206	-3.29085
-9.63617	-5.70946
-9.95961	-5.70256
-10.7761	-5.53968
-10.1017	-3.82138
-8.36797	-3.5066
-7.89496	-3.32921
-6.48739	-3.19812
-5.59061	-3.65938
-5.54432	-3.79166
-0.662741	-9.07385
4.52479	-8.96263
6.2715	-13.3116
7.11241	-12.2803
6.47536	-16.1962
5.4382	-15.8752
4.54505	-14.3554
3.56262	-14.7055
3.42096	-15.8986
2.32079	-14.3568
3.23597	-11.3772
5.16957	-6.08539
2.73535	-5.12574
-2.71371	-6.09888
-0.499065	-12.6175
-5.20137	-10.6456
-7.46329	-2.86358
-6.99882	-8.0892
-7.90923	-7.77833
-6.71245	-7.01184
-5.14091	-12.8566
-4.20663	-13.0662
-5.7588	-11.166
-3.46819	-10.3987
-1.39354	-10.3345
-2.54072	-8.77949
0.815591	-9.05775
6.95622	-16.5202
6.81855	-14.2422
8.28091	-13.9007
8.42919	-13.2716
6.30509	-11.8791
-2.32298	-4.92507
1.40838	-8.84283
3.05273	-12.9147
0.726213	-13.9839
0.380764	-15.4859
2.23263	-17.9759
2.05844	-16.5247
0.693802	-13.7545
1.65548	-6.56572
3.95082	-4.96156
2.8724	-5.08297
0.0635465	-13.8094
-1.8182	-20.5129
2.67506	-7.29031
3.62848	-23.2117
0.309659	-24.9473
0.193832	-21.4352
4.65555	-25.2614
7.9265	-21.9842
6.92003	-14.5573
4.72792	-11.4132
6.00745	-5.41449
7.5293	-8.38396
4.20932	-4.581
2.93287	-3.7853
0.729214	-4.02313
3.52962	-10.2106
5.52385	-8.18452
2.62427	-3.72689
4.54041	-1.89568
-1.25709	1.87953
-6.96861	1.71606
-2.82685	-0.436721
-0.647588	-5.08946
7.32724	-7.60582
1.90259	-22.0818
3.97815	-24.1293
2.0645	-21.6317
-0.211683	-17.2776
-7.29718	-13.9998
-8.08438	-12.1161
-5.61951	-11.5202
-10.7134	-6.4727
-4.1591	-9.22464
-9.81072	-8.87284
-9.48312	-9.14803
-10.8937	-4.29218
-7.35619	-7.62769
-5.64302	-6.10358
-1.31372	-5.02258
1.10859	-3.41225
0.159618	-5.31709
-5.02492	-9.94278
-3.19877	-7.43671
-1.87853	-13.3813
0.681853	-4.52959
0.651122	-6.09162
1.8877	-1.53875
-0.88994	-6.10972
1.88179	1.78743
-9.12682	-4.54821
-6.25187	-2.1733
-6.27538	-1.0384
-3.41456	0.560969
-6.0095	-8.09623
0.18887	-8.64843
0.940173	-6.57234
0.904297	-2.80004
1.04903	-5.84031
0.810781	-3.85037
-1.20547	-1.57594
-5.1665	-7.96891
4.01969	-5.26853
2.24084	-6.1064
-0.155626	-3.99066
-1.4564	-6.12506
0.385583	-7.01859
0.229374	-5.14037
1.73316	2.2695
3.37229	-4.87187
2.58451	-8.05478
-1.77848	-5.94641
1.00784	-1.28975
-0.824576	-8.63161
5.26601	0.713948
-0.742309	-16.8352
1.15394	-20.7317
2.4396	-21.5492
1.41213	-17.9187
-0.174944	-15.7549
-2.08091	-13.9711
-5.09146	-11.3424
-6.815	-10.1873
-8.57859	-8.71859
-11.0364	-7.7896
-12.4607	-6.96282
-12.8412	-7.48101
-10.9342	-8.61873
-12.1964	-4.75186
-10.0574	-4.26746
-9.36763	-2.08518
-6.43715	-2.55477
-5.99124	-2.5905
-4.85822	-0.869388
-4.86364	-1.69364
-2.23695	-2.83632
0.0156191	-7.09801
2.22616	-11.2358
3.52173	-17.2217
2.60596	-21.9332
0.711038	-24.0734
-0.513705	-25.8544
-1.92056	-24.303
-2.39453	-24.0368
-2.43094	-23.5881
-1.68552	-24.0815
0.0749641	-23.8016
2.15686	-22.432
5.4457	-23.1351
8.32783	-21.9565
7.91723	-16.8106
5.70865	-14.5728
1.71758	-10.5306
2.42582	-13.4448
3.36197	-15.7315
3.96629	-19.934
-0.0170193	-17.8933
2.32189	-17.226
5.21051	-20.079
4.12895	-17.3677
2.02909	-11.184
-0.851935	-9.9379
-1.00083	-10.0585
-1.68779	-9.45334
-1.44491	-10.2653
-1.9597	-9.90054
-1.81657	-11.0379
-2.73428	-10.7308
-2.53941	-12.2068
-3.23322	-13.0076
-3.65376	-12.6932
-4.45643	-10.4194
-6.25307	-9.32077
-5.50191	-9.63265
-1.78758	-11.4693
-2.8084	-0.56895
-6.68777	-0.260231
-13.2826	-1.88269
-9.73774	-5.72831
-9.83552	-7.51445
-12.0889	-3.9234
-10.5562	-5.79672
-6.16894	-9.84638
-8.29598	-11.0445
-4.6715	-8.16068
-1.75097	-4.45542
-1.31954	-8.0538
1.2945	-11.771
3.00174	-14.7206
3.37172	-15.1222
2.02099	-13.9515
3.03793	-13.8096
4.20592	-12.771
5.84391	-11.2932
1.73961	-11.7975
4.74029	-5.22745
2.75663	-3.7697
4.61524	-6.21822
-2.44114	-5.58576
3.13941	-1.43165
-4.60308	-8.45789
-12.4388	-2.09268
-11.5758	-3.13965
-11.1161	-4.06794
-9.82789	-5.42654
-8.71444	-6.39419
-9.22328	-3.10151
-7.17146	-1.74582
-8.43194	-1.77487
-9.93228	0.0320258
-10.6986	-2.84475
-6.82701	-6.32449
-1.82747	-6.53467
3.39328	-3.08267
2.6456	-1.90793
-1.5426	-11.904
-1.13142	-13.4769
-3.7977	-10.6069
-1.13039	-13.9607
0.228743	-10.1291
4.46127	-8.7389
6.61172	-6.30604
5.2563	-3.9535
4.62129	-4.91803
-1.18005	-5.01351
-1.15835	-6.69167
0.913505	-5.15858
-3.84076	-7.36982
-5.75731	-16.1187
4.6751	-11.6806
2.18016	-14.06
-0.460593	-23.9657
1.88725	-26.0136
0.687214	-21.7073
2.71124	-19.0497
6.20532	-15.5362
6.54237	-17.4781
4.05588	-16.5676
3.16454	-18.3913
2.81229	-18.5829
3.55538	-16.9998
2.08401	-13.5248
1.61809	-11.7424
-2.70305	-7.19706
-5.37598	-7.12637
-5.26315	-5.06423
-1.25041	-8.18922
-6.28551	2.07327
2.83025	-5.59285
-2.3331	-4.65825
-1.39379	-4.42241
-1.35402	-2.64108
3.83798	-2.5494
0.66606	-4.21237
0.72116	-11.7582
-0.602271	-12.5249
-0.569483	-11.874
-2.19563	-9.41369
-3.77226	-7.34169
-5.48479	-4.52534
-6.82013	-2.52339
-8.53975	-1.89382
-7.24834	-5.32202
-6.18568	-8.28632
-0.206956	-6.97952
0.682168	2.12262
-0.434593	0.729411
-7.24888	1.52927
-7.66576	4.46843
-4.49925	-2.54305
-12.7827	-9.44811
-3.62471	-2.72557
-3.12617	-11.6545
-4.80164	-13.2231
3.64238	-10.1049
10.0396	-4.61603
-2.38676	-8.19101
-2.14063	-11.4868
-3.10556	-11.9473
-3.06341	-9.68565
-3.60313	-7.20012
-0.716181	-6.47393
1.74331	-8.89951
6.63093	-10.847
5.61693	-10.8804
6.11715	-12.703
5.11904	-13.4434
4.10382	-12.7024
1.21711	-10.7818
0.148869	-9.24651
-1.41923	-6.13561
-2.011	-4.33614
-2.04978	-4.18387
-1.84474	-2.66967
-2.86723	-1.11062
-4.05993	-0.944088
-2.88391	-2.81673
-5.78758	-3.91318
-5.94959	-8.53548
-4.36343	-10.9209
-7.63023	-12.4701
-4.48832	-15.226
-4.53125	-18.801
-5.86922	-9.24625
-6.88213	-5.37484
-1.12836	-9.43215
-0.79736	-9.08769
-2.32718	-10.1173
4.09344	-7.09738
3.70199	-3.54115
3.12126	-4.73887
3.57962	-8.13435
1.16085	-4.2269
5.76182	-2.83493
6.94765	-3.92634
-2.44346	-15.0351
-5.73363	-12.7447
-5.8057	-19.7009
-8.24632	-14.9443
-5.99903	-14.883
-4.28316	-14.2641
-1.95758	-11.5641
6.70663	-11.2739
7.82929	-11.2396
7.25645	-11.838
5.78377	-9.23661
4.99251	-11.1494
-0.561457	-9.05577
-1.78468	-9.10907
-2.55793	-9.28271
-3.32019	-9.00422
-4.83107	-8.36509
-6.1013	-7.59273
-1.06799	-12.9267
1.59675	-13.8777
1.55007	-8.54216
1.44605	-2.05732
2.22055	-3.16307
4.90637	-0.403231
2.43435	-4.0839
-1.84456	-9.65959
2.45293	-14.4966
-1.24398	-18.2578
-7.92727	-6.60777
-10.3966	-1.45667
-8.60842	-5.68094
-7.48795	-7.6466
-9.11485	-7.00017
-10.0316	-6.35289
-8.29227	-8.55107
-4.31537	-10.6422
-5.79238	-7.63954
-4.71574	-0.439534
-6.50128	0.0109601
-5.90436	2.9836
-3.40017	3.08416
-0.0616517	-0.26803
-3.00112	-6.59884
-4.35966	-2.9513
-5.77032	-3.22182
-4.12359	-3.18266
3.18308	-0.94424
0.650721	-3.13696
2.62055	-5.64127
3.36688	-2.23787
-1.75746	-9.44735
-8.35004	-4.99216
-8.73818	-7.42621
-8.94733	-6.73409
-7.97388	-8.56432
-7.6638	-9.07826
-4.91446	-12.2553
-2.14193	-8.59272
-3.83326	-10.1074
-2.64649	-13.0605
-3.90217	-12.7073
-1.54129	-6.10259
2.4989	-5.07715
0.611817	-4.19637
2.86518	-8.24564
3.34721	-7.04658
1.3462	-1.47917
1.85859	-7.47308
4.66614	-5.0789
4.61114	-2.71699
-1.68084	-9.14735
-7.21451	-6.93251
-11.4957	-6.61407
-5.73761	-9.11355
-2.8834	-9.99059
-3.58288	-5.78611
3.82033	-2.40798
7.11951	-4.1162
5.83239	-3.63559
-0.508974	-7.22731
-4.30103	-11.5036
-4.99644	-13.0638
0.0625243	-13.2703
5.15045	-12.495
3.88894	-22.0713
3.88835	-26.5851
2.39589	-25.4854
3.65087	-26.4108
2.84606	-25.4169
4.1676	-25.3397
4.91542	-24.3397
6.73307	-23.3808
4.58981	-21.2753
2.37012	-17.0831
3.11353	-15.3345
2.4352	-13.2246
2.5584	-13.864
1.69277	-5.01974
0.345701	-4.75969
-0.73253	-11.7104
-4.0395	-6.49113
-7.28716	-3.40105
-3.06827	-5.36942
1.79251	-9.75928
-4.10239	-13.2826
-6.16832	-15.0238
-7.2371	-14.6073
-7.46691	-12.0572
-4.78554	-10.6047
-3.73274	-10.9628
-2.50667	-13.2691
-5.24594	-11.0983
-6.64623	-10.5399
-6.59218	-10.8388
-5.76207	-8.74407
-4.27217	-8.92666
-3.67595	-10.8193
-2.65313	-14.7029
-3.33948	-18.8854
-5.43105	-20.5848
-7.14397	-18.8987
-6.30664	-14.7927
4.93329	-18.8663
5.05441	-17.344
3.18413	-18.0463
3.84778	-18.016
3.74892	-20.0455
4.47762	-13.0646
1.42961	-8.82456
4.76745	-6.89278
1.23563	-11.1663
-7.36362	-9.87072
-2.65082	-12.5362
1.86362	-10.5213
-0.746392	-17.7585
-3.99392	-13.3694
-4.3238	-11.7311
-3.03906	-12.7582
-0.841284	-16.0636
-0.2868	-16.2321
-1.6694	-10.1399
-0.380373	-15.409
1.31303	-18.1848
-0.377273	-15.8276
-2.29874	-12.338
-2.7403	-7.3144
-2.78895	-7.66949
-2.6681	-7.11607
-3.469	-8.18304
-6.03333	-8.65264
-7.25192	-9.10325
-6.93393	-10.135
-7.07324	-10.3871
-6.20992	-8.36458
-5.17104	-7.70941
-2.11008	-9.65291
-0.151123	-12.0169
3.26914	-13.6608
6.80817	-14.1901
6.1092	-17.7745
5.96062	-19.2802
5.22141	-18.9429
3.84672	-17.2011
-3.84756	-13.0873
-8.30485	-11.0331
-11.415	-11.7221
-10.8242	-11.7578
-11.4473	-12.8067
-10.812	-14.8355
-10.1297	-18.0875
-7.99669	-21.617
-6.00149	-22.3926
-3.74312	-21.9575
-1.82571	-18.2697
-1.30853	-14.4126
-2.78691	-11.6122
-2.1954	-10.9833
-0.319392	-13.015
-0.571412	-12.5757
-1.31374	-12.8339
-6.58004	-9.42087
-2.15215	-14.1603
-4.90025	-10.1689
-7.33577	-9.02513
-8.25743	-6.4858
-8.08685	-5.06423
-9.85389	-3.25683
-10.5819	-3.06852
-10.3652	-5.44668
-9.04487	-8.43435
-5.56394	-11.2678
-2.57885	-12.5336
0.114122	-14.1581
3.18401	-13.9454
6.16914	-12.43
6.40266	-17.3082
5.29502	-17.3208
6.07186	-18.6044
5.62356	-16.7884
4.39853	-15.1713
-1.48571	-10.1839
-6.36521	-6.69524
-8.22787	-9.1359
-6.68101	-13.8287
-4.79641	-16.492
-3.58268	-20.5509
-1.89499	-20.4987
-0.873653	-18.8958
0.0608543	-17.9015
1.07059	-17.397
-0.304002	-12.6806
-3.64138	-6.85895
-1.73208	-8.97405
0.827716	-5.00485
-5.67633	1.73092
-7.23738	1.15982
-5.75152	0.741155
-5.43878	-1.29662
-8.91369	-1.5806
-8.90545	-11.4077
-4.79047	-5.55371
-1.72873	-3.71751
-2.47196	-3.42653
-1.1613	-1.8819
2.06932	-2.4991
2.60665	-6.16254
-5.46865	-8.96156
-9.16227	-7.33429
-6.92186	-7.75301
-3.80851	-6.44506
2.14284	-5.03437
0.568201	-8.81321
3.63843	-12.8826
5.28067	-15.1146
7.41966	-20.3028
5.66318	-23.7414
2.66608	-21.7401
1.47566	-21.7532
0.201017	-23.86
-1.10177	-24.0258
-0.602999	-24.8584
1.22594	-26.3442
1.38838	-23.336
1.09159	-24.0938
-0.152421	-22.1386
-1.75756	-20.5214
0.114247	-15.7562
1.58168	-9.64337
1.55674	-16.1822
-0.893864	-16.2194
-1.2049	-13.6586
-2.97145	-12.5909
-0.186865	-13.6357
-6.86235	-13.1303
5.16271	-9.96294
1.59128	-8.91319
2.09673	-8.67536
-1.994	-18.1572
-5.85901	-17.486
-0.542996	-22.1494
2.26658	-22.0426
5.64349	-12.8996
1.13305	-16.5381
0.823971	-14.4257
6.94091	-7.65959
4.54327	-9.36528
-1.3928	-6.67966
-2.66143	-10.7794
-0.191127	-14.8991
1.98726	-6.99433
3.6835	4.28649
-0.165399	-3.0383
4.93632	-3.0071
5.27983	-5.82561
2.45566	-3.09296
-0.397987	3.44529
0.143459	0.965392
1.47523	-3.40454
-2.5297	0.649196
-1.04317	-2.74783
1.22853	0.255715
-1.77662	-6.29699
-4.10192	-9.03693
-1.66869	-0.360952
-0.38593	-5.38029
2.36909	-0.126018
-0.839129	-4.8404
-2.72836	-7.94558
2.63873	-2.13602
-0.151489	-3.92208
1.35791	1.16032
